           1  0.97241966241523237       -1.0015591939008390       -1.3914658959694940E-004  -8.5906571981654176E-006
        1001 -0.41385246761270456       0.22645128886407331        2.1436311173572521E-005   1.1120866869267779E-004
        2001  -1.0769410214146462        1.2774711974580120       -9.1101018367756827E-005   8.5129761175748873E-006
        3001 -0.73201624068232030       0.42161883031665776        7.6927258890670624E-005  -2.8442243255156688E-006
        4001 -0.76861188217033027      -0.45591044464073094        1.8020770183957491E-005  -2.7710756763036626E-005
        5001  -1.1293151792670357      -0.99627986834875126        5.7010715553258449E-005  -2.3332427249445993E-005
        6001  -1.2570532096404163       0.19581643986985547        5.5557370917977075E-005   2.2550928050133245E-005
        7001 -0.87848276728709518       0.86847729330241397       -7.6353505188925322E-006  -2.3461323828027315E-005
        8001 -0.59337122646930862       0.56197103302600049        9.2078409380420037E-006   2.6994342194979735E-005
        9001 -0.73304183483519492       0.37240868853878473       -3.4490493376873824E-005   6.4170364692196083E-005
       10001 -0.92218874976439957      -0.83987420273383839        4.1398351722173846E-005   4.3980623990378684E-005
       11001  -1.1750640585994676       0.53116982243787314       -4.3368218307758984E-005   9.4259188362690510E-005
       12001 -0.87216005326098123      -0.73248787205797827        4.7369255266408509E-005   6.9316016931815039E-005
       13001  -1.0184344253837656      -0.93626055926652396        1.4807056097486806E-005  -1.0625597592467147E-004
       14001  -1.3800412051092417       0.70507978797579574       -3.6121219666666331E-006  -2.3198166444094182E-005
       15001 -0.63654393900962825       -2.0582816179094830E-002   8.7642674086485617E-005   2.6470923072915724E-005
       16001  -1.1011042804726292       0.53374631720857291       -1.4360587881227514E-005  -1.0286979660874123E-004
       17001  0.42745876753252127      -0.34663828379217454       -6.7392006160058433E-005   4.6828110677388295E-006
       18001  -1.2472706645368827      -0.40574185467775348       -1.6185757010506799E-005   4.7795248004443478E-005
       19001 -0.96697659428915061      -0.32441611688843719       -7.4917323610362650E-007   3.0965142271797721E-006
       20001  -1.0241673423660640      -0.11602074263623847       -3.5197716613944314E-005   2.2755831502763475E-005
       21001 -0.78249563385628462      -0.15267011395992974        3.3459857263396750E-005  -2.5952797197916917E-005
       22001  -1.2963844623030905       0.29206929196362197        1.2285003212041473E-005   7.9629310324818596E-006
       23001 -0.25541813568752525       0.88194200399201383       -4.3287903528205881E-005   7.0506972991264645E-005
       24001 -0.82692354470659868      -0.81284082222038656       -3.1269089161122267E-005  -2.3862378130110878E-005
       25001  -1.0133026979724902        1.2846414555398238       -4.3382741586586504E-006  -3.3827802944401858E-005
       26001 -0.80892472260821802       0.71645297886719939        6.7891699037381749E-005   1.9041320647251585E-005
       27001   1.4035984882813017       0.19177224801075463        7.1760649503352361E-006  -5.5020791770791365E-005
       28001 -0.34812890226471849      -0.66835129511918778        8.8177329555388477E-007   3.3958393844302483E-005
       29001   1.2942112239037178      -0.24288294323544368        6.3995988901800494E-005   2.3316388953777062E-005
       30001   1.0743392558965008        2.2452798015410131E-002  -1.0497152839287040E-004   4.6960103045890599E-008
       31001 -0.40835027071833485      -0.41249185930125759        6.8527995832433526E-005   4.9094208222492262E-005
       32001   1.0856510204527117        1.0031952708386369        3.1060012630530049E-005  -4.1703777582102755E-005
       33001  0.63825340550172671      -0.19746039093753190        5.0772864827082317E-005   2.6132858664869388E-005
       34001   1.0741228067459390       0.50825980926783654       -3.7023043591507080E-005  -5.4117707065734342E-005
       35001  0.85358586742226239       0.51803786793045015       -3.6703321067925350E-005  -2.1423850344620474E-005
       36001   1.1863651194963711       0.80979135549264181        1.7187982648148787E-006   2.8084422712477076E-005
       37001  0.83838622966060172      -0.56555103503006221       -6.5275192616873421E-005  -2.7384226908483882E-005
       38001   1.0545795553593205       0.59586526972206100       -1.7505001452631535E-006  -5.2873035987515634E-005
       39001  0.88760486715099962      -0.66270756714701784        1.7161009798013746E-005  -1.7357068269043579E-005
       40001 -0.83193676079695333       0.42622683392938188       -7.4390436618494056E-005   4.9110402183664189E-005
       41001  0.24935903717990537      -0.38330518906379962       -9.3627299507299960E-005  -3.3262625506119680E-005
       42001 -0.21745551584676309      -0.84170071221031795        2.7609946585306005E-005  -9.9542868111686191E-005
       43001 -0.80353104392498031        1.5513230208376871        4.5887811915392445E-005   4.5031459426302316E-005
       44001 -0.27642351493685019       0.61786330577595172        7.8533015250295142E-005  -3.3727409314647359E-005
       45001   1.1559984222567692      -0.51412147926429896       -1.2632767458514928E-005   7.9332975103397609E-005
       46001  0.87422485819357032        8.9597008062465306E-003  -2.7763038779360699E-005   2.3956703212159346E-005
       47001  0.42661664886635020        9.5855174078902372E-002  -2.2552506077264573E-006   6.0633256724277203E-006
       48001   1.2631241737123104       0.44314583867734070        1.0404495321023872E-005  -7.1376663765938063E-005
       49001  0.95051422413189668      -0.24293227096209660       -1.2899700027515831E-006  -7.6790873444435826E-005
       50001  0.90350825885781261        1.2830470260728430        3.9677938066332755E-005  -9.7851569371966369E-006
       51001  0.89663103900891572      -0.42163215995373798       -6.4969913076749393E-006   1.0743140744086516E-005
       52001   1.0911366869294434       0.52346308009580322        6.1662260506943339E-006   3.2315786275448943E-005
       53001   1.2536319129053910        5.4086478411499023E-002  -2.2581859306335516E-005   4.2896095664528989E-005
       54001   1.2367957947516284        1.1708904487119001       -4.6100794630102552E-005  -6.8015702139770660E-005
       55001  -1.0719595041593728      -0.56466768397889922       -2.3805986320941299E-005  -6.4123194541332529E-005
       56001 -0.45900030363693223      -0.63925080688046299       -2.4298947023131237E-005  -1.5719453605074973E-005
       57001 -0.95418003186774514       -1.5728971254725681        6.2896564490612838E-005   3.9824704690266593E-005
       58001   1.2981652654898719       0.43137735445677089        7.8752281412104375E-005   1.6387874533937594E-005
       59001   1.0190869241324632       0.20012565816360769       -8.3295585892572015E-005  -2.0074891338728911E-005
       60001  0.78120997445846729       0.38942330445599010       -6.5421059754452860E-005   4.1420303576162289E-005
       61001   1.0391152981483376      -0.56539299612283089        8.5463153535131621E-005  -3.2054960515590996E-005
       62001   1.0293559556611134      -0.88305870968550915       -8.1610750769119602E-005  -7.5905085015841468E-006
       63001 -0.66237552248905751       0.41415199520460710       -9.4996236468278935E-006  -9.2735320898260288E-005
       64001 -0.43867386010160597        1.0934573855633261       -2.4052757296516606E-005   5.6265738287481027E-005
       65001 -0.41710151669503764       0.28801762244203649       -2.4128620063097422E-005  -1.4721240767842688E-004
       66001  -1.3181161820834233        1.7256957089451241       -5.2231201396395975E-005  -4.0719813815796627E-005
       67001  0.95350671871791925      -0.92806402418994938       -3.5919435045882131E-005  -6.1379743423234427E-005
       68001   1.2489700249675280       0.60329263266472066        1.7037124518636897E-005  -3.1478379428250625E-005
       69001  0.80935042387584955      -0.99213776385389119       -3.2249111678243234E-005   4.1449859050591196E-006
       70001  0.56485377411603999      -0.25493882772574222       -6.0022983786107146E-005  -3.9249627299206337E-006
       71001  0.50400528702022596       -4.3122085977356645E-002  -6.9224227339153294E-005  -4.7832210347755407E-005
       72001  0.66609426725741250       -1.6963434724780041E-002   3.9580412465573852E-005   9.7428345467522376E-005
       73001 -0.69218632363732280       0.97674105101818209        1.0848990703924437E-004  -4.8925414847898280E-006
       74001   1.3082890443818740       -1.6219589894855828        1.4891396191981024E-005   7.5973333067860563E-005
       75001  -1.1889362978932636      -0.10493942283746893        3.4140142721628178E-005  -5.0333862871244180E-006
       76001  -1.1073619309315974        1.1583675013273191       -1.7348687688844662E-005  -5.2725941802669409E-005
       77001  0.69544289996909059        1.1638668977845434        9.2158624782543932E-005  -5.0650022719467547E-005
       78001  -1.4544495136503479       0.18104088642291277        2.1135050634746789E-005  -1.8551282221012364E-005
       79001 -0.64179535549267608       0.69259707549438532       -4.6431946044833987E-005   3.1960006819757623E-006
       80001 -0.72869046237155266      -0.75244283819267432        4.9011869239764683E-005   1.1018906166711366E-004
       81001  0.27772126808699338        1.1887435641405193       -1.9536324771926790E-005  -3.3094982486345412E-005
       82001  -1.2504563879486552      -0.14571098066366778        6.0819364312389333E-005   5.2294398601777762E-005
       83001  0.88979234345552660       0.53263080352368108        2.6239061632996599E-006   8.4937472788439180E-005
       84001  0.18713445537847009      -0.23004815314122126        7.9796597560185178E-005  -1.1872984520734434E-005
       85001  0.81764510569697213       0.99346729149763113       -1.1567200575644136E-004  -1.0635357335867361E-004
       86001   1.2594509930169522        5.7188550593874517E-002   3.1961959024584844E-005   1.1879559016939194E-004
       87001 -0.68075343441487524       0.34757479697742671       -2.5811512978839745E-005  -8.0333323416035684E-005
       88001 -0.49693005714069394        1.7269787210405639E-002  -1.5488266527533304E-005   5.7625903169174856E-005
       89001  0.64234120846633458        1.0460929736753724       -5.5554100647849000E-005  -7.4724370309566741E-005
       90001  0.33072325161023419      -0.36023534912531302       -1.1829343352051029E-004  -1.0043415620907311E-004
       91001   1.2656535522179471       0.99870744476632733       -5.4386463126637386E-005   1.0827956145314649E-004
       92001  -1.0893548006773559      -0.47492993097867031        6.8308525994511927E-005  -4.9113573317220679E-005
       93001 -0.45665386710441608      -0.70119471911428666       -8.8184674227946559E-006   9.4613366647931265E-005
       94001  0.86278607604390456       -1.1486685634433491        2.9427439354271942E-005   5.8032866708736426E-005
       95001  0.97805458835012782        1.5943850814231735       -4.9401387179858090E-005   8.2517379123518308E-006
       96001  0.71321941740172945       -1.0899520051427201       -2.0709828522000306E-005  -2.3067118101333886E-005
       97001  0.89591031891158579      -0.57782563472703707        5.0201844508270392E-005   1.0522387494074723E-004
       98001  0.15368893990849622      -0.13265239109417168       -1.0425910967759638E-004   4.7125641487349846E-005
       99001  0.82583516671103396      -0.82799290877441911       -1.2353704067575953E-004  -2.2257171649613923E-005
      100001   1.0887556063603261       0.63333740560961549       -1.0665423702746883E-005   3.5631883103469005E-005
      101001  0.72929787303596116        1.0773945180631515        5.3553727612769691E-005   3.9540402442426888E-005
      102001   1.1403378607140469      -0.57888132886755406        1.3360134200885570E-005   1.7377601129069424E-005
      103001   1.2709523140498920       0.88967343544868471        1.5839273326616147E-005   2.8541314019436888E-005
      104001   1.3220545717593084      -0.46725344908385574       -3.5617886511064796E-006   1.6247599700928577E-005
      105001  0.53909070432753781      -0.71699528692556869       -5.1852341738947095E-005   2.6701112220536734E-005
      106001  0.92466369768051582       -4.8012306191036157E-002   5.8992473971193746E-007  -1.3994233099926738E-004
      107001   1.1365465354958917        1.4261936956058505       -8.5792771800777430E-005  -1.4093511451969857E-004
      108001 -0.24754761356094312        1.5931117084860813        6.5761900544112327E-005   8.6805206457790784E-005
      109001 -0.17972685696555521      -0.23193842289350611       -5.9271730813586787E-005   1.4126731385408152E-004
      110001 -0.18843811870426097       0.35293254080261099        4.9208694187332943E-005  -7.5352362936759306E-005
      111001  -1.3519920539016952       -1.0729471493818032       -7.5556734090581989E-005  -1.0488566081973002E-006
      112001  -8.7509146461870677E-002  -1.5468660140402317        3.7427913973129079E-005  -3.8767132972512385E-005
      113001  0.83725088687526639        1.4320177604848889        7.8380362707795861E-006  -1.2459505717071282E-004
      114001  -1.3002176850036471       0.47925818565272027       -6.1148696072110004E-005   1.5395674348063588E-004
      115001  0.32854228591200790       -7.3443104041795271E-002  -4.5104645223858873E-005   2.8124603567806232E-005
      116001 -0.40817103895098761      -0.55674963861654914       -9.0623450129140223E-005  -3.8310814929165140E-006
      117001   1.0830964187782512       0.35500686256940006       -3.0853872732716211E-005  -6.2226963451328331E-005
      118001  0.65365285906099324      -0.67161633041418756        1.4755651335753411E-005   3.7045302385741719E-005
      119001  0.77764687935533694       0.25004785551682351        1.8761418942811559E-005   8.1146349179038140E-005
      120001  0.68417448387212365       0.38352134039861852       -2.9614412862355101E-006  -3.3720746795191851E-005
      121001   8.5006881321055008E-002  0.73521587187276294        3.9948262311373697E-005   1.9914700230257444E-006
      122001  -1.0125110255378522      -0.66291855183783055        4.7430415071740628E-005  -4.8636485663987670E-005
      123001 -0.57218966437422902       0.43887658145583441       -3.7640912808174654E-005  -2.9844245485795216E-005
      124001  -1.1320049486813888        1.1011946876562329        6.4454349816079752E-005   4.2660617390991590E-005
      125001  -1.2918113961971249       0.78554644373232574        4.3260261210577413E-006   5.2557010542251329E-005
      126001 -0.80972559849475245        1.0525922241514043       -1.6052134063347752E-005  -9.1116762092953386E-005
      127001 -0.36111303081831286      -0.31062575736943437       -5.7948481700119362E-005   6.9037543350704595E-005
      128001  -2.1405814574529881E-002  0.18096247281771771       -1.0214396229344809E-006   1.6159894761488333E-005
      129001  -1.2684296059847504      -0.26360328825256141       -6.8370320167085922E-006  -8.9032462193251415E-005
      130001  -9.2945514363070355E-003  0.96131209754931568       -4.7672340992047065E-005   2.5299187443967214E-005
      131001  0.43936391437396505        1.1644708573887093        7.4778574111298210E-005   1.0628100906884940E-004
      132001 -0.98855405348838743       -1.5259458729208044        6.1264387874741306E-005   1.6837720178234392E-005
      133001 -0.50654773905408579        1.0119649614863191       -1.1721643059856204E-005   1.4738274909556428E-005
      134001  -1.0434381852337353      -0.81712937114471684       -5.8391478480111913E-005  -1.1293565674823423E-004
      135001 -0.82435002287222015      -0.47288822227047628       -3.2288369086815269E-005   9.3709842374136333E-006
      136001  -1.1556276725003851      -0.93330742764624142        4.5940315556649059E-005   4.0228839498114872E-005
      137001  -1.3481579231073662       0.78791744287294196        2.2203842438529290E-005  -3.6701447699653506E-005
      138001   1.2866652090126616      -0.89507631027169632       -6.1191693888558188E-005   8.1468997118762165E-005
      139001  0.19421740907729804      -0.32649259350657489       -1.5802069426646224E-005  -3.6708008943453757E-006
      140001   1.0444024707435364      -0.46800088312442206       -1.3444607656039438E-005  -1.0213328861684777E-005
      141001   1.1833220340244013       0.34467104493306555        6.9838010145638159E-005  -1.0749306001595608E-004
      142001   1.1349330691336748        1.6868645949243133       -8.1100895225619729E-005   8.8761660672717532E-009
      143001 -0.25949420811403268      -0.97113671490670073       -2.3734006177142965E-005  -2.6484850454581510E-005
      144001  -1.0621804386792761        1.4345544535199157        4.6161014563028288E-005  -7.3740642534160881E-006
      145001 -0.77918610261378607       0.88001821493931931       -8.3416844464352939E-005   5.7953023402924529E-005
      146001 -0.74739433851497372       0.25405176778597893        4.8478656103040196E-005   4.2530773494855048E-005
      147001 -0.97855703723277954      -0.57175243406384868       -3.1324850901387484E-005   1.0835649852060216E-005
      148001 -0.54905321562890885       0.38024068939927874        2.0906437204798070E-005   3.8722785471893643E-005
      149001  0.50866992366335184       0.64637398068917129        6.8235871996183010E-005   4.3247966562493029E-005
      150001 -0.40485981677007182       0.11452358779657397        6.6411921615348502E-005   3.8286066173853946E-005
      151001   1.3499885224852259      -0.34985323072978186        2.2234276640910947E-006  -2.4945429832438105E-005
      152001 -0.46592379857346816      -0.41802122725462820        9.2798694975306905E-005   4.5513876280908982E-005
      153001 -0.90372083471996523       -2.1035181318704752       -3.6240185807082365E-005  -5.7008494204230653E-005
      154001  -1.2025891230401826       0.87986711727868605       -4.8768993797031374E-005  -1.3537847541214909E-004
      155001  -1.1884049238921930      -0.65727520589736643        7.3689173891279352E-005  -1.5812260582462194E-005
      156001 -0.94746129906584997      -0.83264095009227523        2.6199284819163250E-005   6.3897192863585726E-005
      157001   1.4741308211991662      -0.67626960184668083       -3.4219899358205752E-005  -7.6898425662674075E-005
      158001  -1.1095714357482513       0.87000301362917742        3.3482735261314820E-006   1.9525832115459133E-004
      159001  0.43688573999958852       0.72949522138067269       -8.8688020944817226E-005  -3.9905616426347078E-005
      160001  0.70658227552799657       0.46252073654460135        9.0131911740091162E-005  -4.2511376205240828E-005
      161001 -0.34764189226299974        1.5494870041253734        1.9304393178855064E-005   8.5048970506733615E-005
      162001  -1.6117822910451949      -0.11994951650115411        1.5424211700793899E-005   4.3160329030635264E-005
      163001 -0.23024666069903946      -0.52284391271982888       -9.0289871822998304E-005   3.1365184759622615E-005
      164001  -1.0715904270830441       0.94689813175954263        1.7669172990933006E-004  -6.3405804085904109E-005
      165001  0.80838297078255839        1.6047587590745034        5.9828947211760826E-006  -3.5256186861143477E-005
      166001 -0.87681495243261953      -0.95412247472686829       -5.8070525758286128E-005  -8.2135160594259569E-005
      167001 -0.23716676161023817      -0.59095354256032073       -4.6719294360677934E-005   1.0563598952456756E-004
      168001   1.2436100229878890       0.86929700008597721       -5.0518451162970278E-005  -4.4704126575315480E-005
      169001   1.2136778538759576        1.3455790159520604        6.3418824088958581E-005  -1.2012458306603358E-005
      170001  0.94347728895522531       0.75063864221881149        3.7096499424557242E-007   1.7671419189754300E-005
      171001  0.87284685692768760       -1.1963847256119173       -6.9350704603075160E-006  -1.1601081802177904E-005
      172001 -0.69326766050377520        1.3592037599558737       -1.0950653989094344E-004   2.1545821911866737E-005
      173001  0.13372162689699371      -0.72525396966403743       -8.1755885522940815E-005  -5.1186127896038813E-005
      174001  -1.0115828727760450      -0.70611156285616095       -4.7331060624339666E-005  -9.1761922170791946E-006
      175001   1.3635491420527668      -0.85625118685303159       -1.0619709532701577E-004  -4.5855734045993559E-005
      176001  0.10962755546319065       0.92000139088546906       -3.9825996421593672E-005   7.7555023577900773E-006
      177001   1.0354503741364403        8.2968813176397091E-004  -5.3634731732493969E-005  -9.2758288502089835E-005
      178001   1.1736068928710353       -1.6550330934700821        3.1662854895413733E-005  -9.0573397139349620E-005
      179001   1.0738504807718654       0.36334203742865590       -9.6429473380746204E-005   8.3187993722499729E-005
      180001  -1.0299935261013027        1.1285636127559231       -1.1497886601702615E-004   8.9691381074798540E-006
      181001   1.2488605648146396       0.73214915151034854       -1.9716399671305192E-005  -7.9319098865261020E-005
      182001 -0.89654048686481236       -1.3794191094880193       -7.1569975986444120E-005  -1.7961658355229111E-005
      183001  0.86594797612257768       0.93401314560317195        2.1108721635235061E-006  -7.4199346020698706E-005
      184001  -1.2741631756984615       -1.1119520310848636E-002  -4.8073727543937698E-005   1.1681101849948699E-004
      185001  -1.1598970342905803      -0.33374968433617730        7.6596828081211643E-005  -1.0428608432487403E-004
      186001  0.83209389457795846       -1.0185242480553203        2.5562720352156746E-005  -9.8264312037392933E-005
      187001   1.5401335964163947       0.49361414396445258       -7.8254318208118915E-006   6.7363581278345484E-005
      188001  0.85628641555695784       0.75476367325529603        1.3577897626358210E-004  -3.2097782036272174E-005
      189001 -0.92547954796485565       0.66478324339963957       -1.9676311362118250E-005   7.9815402289702954E-005
      190001   1.4849189253754584       0.87490132648770436        2.1886929476282443E-005   1.6197677110773248E-006
      191001   3.5373298697238542E-002  0.66701507696525419        7.8811179998698565E-005  -4.7014955391261398E-005
      192001   1.0819695920617260      -0.39099986762157163        1.2112908128405174E-004  -2.3618212286483581E-005
      193001  -1.2845274716581141       0.40946879426324662       -5.7857620991532626E-006  -6.7633395729886300E-005
      194001  0.54800690245196526       0.26470543328424434        2.5097188962335095E-005   7.0059195640081597E-005
      195001  0.72057535870863676       0.65867648733699335       -1.2385967279276273E-005  -1.6248794679686335E-005
      196001 -0.24503365151898912       0.82429570586791145        3.0613363603206341E-005  -5.4755147339355560E-005
      197001   1.0507947158606439      -0.79545215436581163        3.2392693773936640E-005   4.4837938422974749E-005
      198001 -0.24112370927004348       0.28781574273211236       -7.8517583482254626E-005   3.0261638603232546E-006
      199001  0.55769076991260791       0.69040058657012404        1.8237861655355148E-004  -3.5344430440484985E-005
      200001 -0.50252372637976628      -0.71234081837400365        7.0787600664930797E-005  -1.2697246166895249E-005
      201001 -0.32541515683194333      -0.36240316092387936       -4.3698328863374089E-008  -1.7208083923064519E-006
      202001 -0.81331564515072619      -0.37076987856812116       -2.7939739688041037E-005  -5.9930102776571423E-005
      203001 -0.38075219283099754       0.65619637940318087        4.4226516103281192E-005   5.7271983766939345E-005
      204001  -1.0002335410126091      -0.27025896297304952       -6.6248787176146498E-005  -1.4898146860689685E-004
      205001   1.4192583960950018       -1.0259148068273241       -1.1635448874121610E-004   5.7061746945829077E-005
      206001  -1.5209279221982988        1.0151824098677058       -1.1084326451715874E-004  -3.6644989003961474E-005
      207001  0.94617835821354856       -1.5801843280634238       -5.1788034323097871E-006  -2.2523467655480399E-005
      208001  0.74066700576497957      -0.59276977373151973       -4.6152014588048707E-005   2.4865656887045867E-005
      209001 -0.34499656068370144      -0.29626636336419332       -5.2639211197847820E-005   5.1273163804784720E-005
      210001   1.2173040777065707      -0.98685393394017540       -3.4992308466304366E-005   5.9024427128844930E-005
      211001  -1.2542091638114259      -0.47094147941279613       -6.2236611822364410E-005  -2.1671884308224489E-005
      212001 -0.17907591226551453      -0.67226034084458997       -4.7087035425504237E-005  -1.4623750267039028E-005
      213001  -1.1065029002554745      -0.65099939779079741        3.3434168919198824E-005   7.9602265878542884E-005
      214001  0.60928222009997579      -0.15758259063383942        7.6901896197949511E-005  -5.8472570852954823E-005
      215001 -0.33948571441610992       0.93078123305959604        2.3303232552660545E-006  -1.5395712214754001E-005
      216001 -0.99025646892443164      -0.45247109449576195       -7.8340536439204569E-006   1.7923267438840456E-005
      217001 -0.91175162317302727      -0.37704750814863908        3.2377103435770269E-005  -5.5976838495883668E-005
      218001 -0.82164151838396859      -0.45384400696383326        3.1392966198833283E-005  -8.8082881038730417E-005
      219001  -1.3287526296024861      -0.90821123759514288        2.4445935365841694E-005   1.6924865993210714E-005
      220001  -1.2544569178226992       0.11023267095129603       -3.8443199644001381E-005  -8.7507745288395425E-005
      221001 -0.69324737269856462       -1.6141479237366942       -4.5687906606032141E-005  -1.5415715812113329E-007
      222001 -0.63705197776767397       -4.9811708043684802E-002  -1.1077447404446614E-004  -2.7922374346255682E-005
      223001  0.73639634259290998      -0.66768585386839263       -8.5614349057559384E-005   7.8106238954055531E-005
      224001   1.1667873188038436      -0.21491983927845146       -6.5298386976169557E-005   2.8354435456175794E-005
      225001  0.66290989048135762      -0.51599411517885341       -5.0132548361037073E-005   1.4532959661764543E-005
      226001  0.14557629125407090      -0.56238415107057360        2.8863694872689626E-006  -4.6093000917557507E-005
      227001  0.73539365107760035      -0.98758211509262783        7.4918343481045608E-006   1.3791137115094537E-004
      228001  0.94826585879097613       0.82837983600810972       -1.4866981407351465E-005  -1.1585277844324724E-004
      229001   1.2064751221766350      -0.55766497238227175        9.6085082565147575E-005  -3.7269417105235610E-005
      230001  -1.1777550340975775      -0.49349924422818153        7.5159518611593316E-005   8.5761585576091490E-005
      231001  0.14601828921078153       0.52787860354078031        2.6953371615902741E-005  -9.5349590681944530E-005
      232001  -5.2208501061935551E-002  0.14402348231036685        4.1662025855872499E-005  -3.9131987279024974E-005
      233001   1.0472895983448371      -0.39150695187071871        4.7348082709865163E-005  -3.3480925338578661E-005
      234001   1.0300159996698042      -0.21407655791750330       -1.3387133918965270E-006   4.7208829669315874E-005
      235001  0.60842013403643103      -0.58894963215754614       -2.5415047875601161E-005  -4.6796761494612983E-005
      236001  0.98287046217934793      -0.48636583951081797       -3.9869250873754232E-005  -1.8249193447471418E-005
      237001   1.1826119223524862       -1.1602712181051338       -4.0549677642234339E-005  -1.0648960838860634E-005
      238001   1.1811299227693928       0.71917824128825936       -3.0320852249689539E-005   3.7099770951712252E-005
      239001 -0.92836601560561172      -0.38657460283121770        7.5360944130032872E-005  -8.4818752053671013E-006
      240001   1.2027750435050153       0.42894514273889622        1.0478204890295944E-005  -7.0419463548058206E-005
      241001   1.2526849111551490       0.92232724371288655        4.4766370080650300E-005  -1.2074541968783749E-005
      242001   1.2925231076288639        1.2602221486771437       -9.7093814270537404E-005  -2.8071857439890180E-005
      243001  -1.3381844803606089       0.20335351129415533       -5.7688143910339707E-005  -1.0256745030707705E-004
      244001 -0.95289735704596112        2.2124994704843168E-002   1.1985141583313705E-004  -2.3049012307393866E-005
      245001  0.36324553279766364       0.32128134190444629        3.0984419386417894E-005  -1.9580680558184859E-005
      246001  0.99796014848167092        1.5243888875983882        1.7302270093344084E-005   8.4412005329973798E-005
      247001  -1.0699037839804965E-002 -0.54951807233258732        3.0307944316042503E-005  -3.0129866991574066E-005
      248001  0.87960409775504556       -1.0223408459926604        7.4498190095530046E-005   4.9814629295492534E-005
      249001 -0.22555441372510462      -0.60456641254046628       -1.7488408047608959E-005  -2.5825085161021258E-005
      250001   7.6229322864344584E-002  0.68351428465480113        4.6734690864152524E-005   6.9709514454616497E-006
      251001  0.26157172037158144       0.17930417580113098       -4.8469950560954019E-005   6.8429028757282232E-005
      252001  -1.2629829938796229        1.5067633786001513        6.2500697632861542E-005   4.8854923120108311E-006
      253001   1.4608758961078661       0.34309559631493280       -1.3116521083810512E-004  -9.4270440944398767E-007
      254001 -0.42104759688276078       0.55017118836960688       -3.9215878706101772E-006  -1.4477329286170741E-004
      255001 -0.77496432670216797       0.13567547045706035        1.1864543931040824E-004   1.4835906770961665E-004
      256001  -1.2722450512734218      -0.72271944195291604       -5.6321721385871142E-005   8.5598477553591635E-007
      257001 -0.73473662211162827      -0.10293296985456282       -4.2263363122948311E-006  -1.1744068854837333E-005
      258001 -0.93060886659062803       -1.0257174144910230       -5.1619466087971849E-005   3.6143788645588360E-006
      259001  -1.0411457018027006       0.75715609327508082       -1.5943057375737661E-005  -5.7170135470034277E-006
      260001 -0.58496339196243563      -0.84331708661775551        6.4172317167633474E-005   1.1275589684080702E-005
      261001  -1.1866278785099005       0.15546321301389546        4.9857551569885604E-006   1.8316992805147184E-005
      262001 -0.78868347039611320      -0.67866238194471717       -1.1438592407537106E-006  -3.7546145772238474E-005
      263001 -0.85511695170520852      -0.31889135837576432       -1.0972529874330941E-004  -1.2322574667763345E-005
      264001   1.1767450868168297        1.5288569649709733       -4.7957219458090049E-005   3.3816813184012805E-005
      265001  0.85513136401335732       0.77119430832235780        2.3814753330114543E-005  -1.0824587976232807E-004
      266001  0.81000513071282720       -1.6374320554571820        1.7537657307670111E-005  -5.2001048829791216E-005
      267001  0.49512553317155100      -0.69491735261926979       -8.8787594973993185E-005  -2.5211774835901098E-005
      268001 -0.84990059580091959       -1.3781333618783735       -2.7692927640327480E-005  -2.3545921231717357E-006
      269001  -1.1963787064558653       0.46278550070412461       -4.1466911099229182E-005  -1.1178440627031007E-005
      270001   1.0780893750710108      -0.79775909536959522        3.3309002377477415E-005   8.8405513785155132E-005
      271001 -0.45708947837373259       0.73294381955621213       -4.6856197326242138E-005   3.5370740790850044E-005
      272001  -1.0349261469224902      -0.68136637615964790        4.4655019562643001E-005   2.9499137274649347E-005
      273001   1.2651226580856152      -0.75336311192831795       -8.9590532706487335E-005  -4.0195183674960282E-005
      274001   1.1195002250880759       0.67475544898027773       -4.1306083515108200E-005  -5.9962874045862155E-005
      275001   3.5247912530664725E-003 -0.62965049211583779        8.1403625770659974E-005  -2.3874401985500224E-005
      276001 -0.20874866947214873        1.0264405026466912        5.5474872066523145E-005  -5.5902821519618867E-005
      277001  -1.0147543909139920       0.11518643977111373        8.6709367693296166E-005   2.7641105704659386E-005
      278001 -0.90193759804068552        1.3253960283570434       -1.1837167152754696E-005   3.3469125122656865E-005
      279001  -1.2442538684650426       0.77644942652356830        7.1052487352874443E-005  -9.6614822110825342E-007
      280001   1.0226009538876770        1.3983195499159492E-002   1.2726610108110547E-004  -2.9005053710619737E-006
      281001 -0.72671539963442522       0.64414267581431839       -5.5344280603646212E-005   1.6293454996163393E-006
      282001   1.2127536820915381        3.8825651665668854E-003   4.0548567246572331E-005  -2.5181126281917488E-005
      283001  0.54093001460967993       0.23091404330779394       -2.7038830200448949E-005  -7.6225968330513412E-005
      284001  0.98424776130946412        1.1982915490120025       -4.4967362239006232E-005   9.2026908367201411E-007
      285001   1.1959391185620964       0.92010535831135232       -6.3467158548086326E-006   2.7417161455833033E-006
      286001   1.3359440637745672        1.4820605578773083       -7.8183783621067253E-005  -3.5806181351923518E-005
      287001  -1.0296818395437470        1.2982995364522352        8.0906284463922782E-005   1.3639452831872873E-005
      288001  0.78205170039601057       0.23316923031631964        6.8324148390574749E-005   1.8528272445860586E-005
      289001  0.97227103275304350       -6.0513773128810594E-002  -7.3624891519378107E-006  -4.3211026714148482E-005
      290001   1.1999648698287255       0.13387354620484979        2.6882430931506195E-005  -4.8472780122028079E-005
      291001   1.1746743776121604      -0.75692592727775043        2.3514587656214108E-005  -7.3909223494324623E-005
      292001 -0.93038900838290628       -1.5343853243288663        1.8366748169272317E-005   1.5350030623539549E-005
      293001  0.97291966140724384        1.5403693231416753       -6.4793058208014459E-006   2.5546833355838502E-005
      294001  -5.4298638003495166E-002  -4.0764404933218881E-002  -1.0755830950632612E-006  -4.9784703831690957E-005
      295001 -0.81971272654117644      -0.25755526650070870        7.7132431433399307E-005  -6.5276453659157281E-005
      296001  0.89224052164994572       -2.4510518987327715E-002   9.5712022458959613E-006  -1.0526592824593876E-005
      297001  0.17850512928543996      -0.23491269123603492       -9.1352806663931699E-005  -2.7129127114702676E-005
      298001 -0.77316559543167429      -0.69001829302623463        3.8083195139441370E-005  -3.3051938125246295E-005
      299001 -0.96568806513701033      -0.88095267936679289       -3.1899515486709580E-005  -1.0120693468653113E-005
      300001 -0.90063033191290010        1.1684871356538917       -3.3162653678124818E-005  -1.8546776816834875E-005
      301001 -0.82529458413810319      -0.39732693033985378       -8.3595188240771917E-005   1.8298816520286565E-005
      302001   1.3235543848802787      -0.89667381605029961       -1.5397401480708591E-005  -1.1041632441139905E-004
      303001  0.34695813621001836       -1.1150283243301307       -2.5999728666747224E-005   8.9692246476562529E-005
      304001  0.59980330575206364       0.78306787948313250        3.3975065415422698E-005   6.2694663457561425E-005
      305001   1.3425423836540675        1.2079291050905940        3.1726878446181140E-005  -4.7332308812258629E-005
      306001  -1.0517132494477055       0.42682934642058667        1.0632452709294966E-004  -3.6986637011983907E-005
      307001 -0.91949508394458213       -1.1727524322578695       -2.5140693559367018E-005   2.0900266086072307E-005
      308001  -1.0702670149110183       0.44699031643551984        2.5707462945856176E-005   3.5723502132294691E-005
      309001  -1.0931747473887343       -6.8114906479698215E-002   1.3554596763855672E-005  -3.2938465775206905E-005
      310001 -0.96396742038468108       -4.0018189486745091E-002   1.0068549992301382E-005  -2.4051646149681524E-005
      311001  -1.0957904369802425        1.4990496767008483        1.1113082824410409E-005   1.8025873429297425E-005
      312001 -0.58200676912388383       -1.0598819956398173        1.1462547086856711E-004  -6.9914178822075008E-005
      313001  0.38772970792977013      -0.46485121925355394       -8.2244276498331535E-005   2.3313658762026183E-005
      314001 -0.81921770454083720       0.33205254747289803        3.7924507369118688E-005  -4.5534171121517736E-006
      315001 -0.35462359849688307       0.31139116080998996       -1.4527933797093922E-005  -3.0237010830080656E-005
      316001  -1.2401346900040220       -1.2216904464386360       -2.0693001752628590E-005  -1.3354708502944252E-005
      317001  -1.0367950067531468       -1.7814553886948847       -4.0999157429807788E-005   1.2828329033791712E-005
      318001   1.2668173040345809      -0.26018971638753008       -1.1064415411149172E-004  -9.8598567493070582E-005
      319001  0.85969920385972032       -2.2968881645645283       -7.6883302671032649E-005   5.9959178112416464E-005
      320001  0.93643572266359265        2.2324821156155563       -8.8429824598830952E-005   2.9499332633312404E-005
      321001   7.6741560833096564E-002  -1.3185971535313790       -4.2187247399214356E-005  -5.7409227432565123E-005
      322001   1.0496376524927804      -0.87765183949272785        2.8160968746335756E-005  -1.3594520448115651E-006
      323001  0.99977187047749305      -0.33139786656227571       -2.3314215575662350E-005  -1.4505449576711243E-004
      324001   1.3700047895593206      -0.53614161021896645        1.4874535869513246E-005   1.6571850086479476E-004
      325001  0.75083658842371603       -9.6406412832298519E-002   7.1828176914886716E-005  -1.7481016010611696E-004
      326001  0.27907957105869030       0.56893078450641132        3.4301031227133220E-005   1.3917555368216425E-004
      327001  0.72537238286225048       0.86763612873092721       -8.4368566825248768E-005   1.1374575688165246E-004
      328001   1.1938873207235781       0.82760645720671455        5.0442096870142598E-006  -1.4767802490263040E-004
      329001 -0.23571010451854260      -0.82676413851080088        5.3976057157629405E-005   9.7910184080621083E-005
      330001  -6.5089933351399967E-002  0.81037298534455549       -2.2137892615380693E-005  -1.4574761275838619E-005
      331001 -0.19677176468957486      -0.49798251834586243        3.0178914223652953E-005  -7.1032857192078732E-005
      332001 -0.99647293367879963      -0.58694152090855678       -8.2534816636436892E-005  -7.4142424798060751E-005
      333001 -0.20623044035190316       0.63865060936073448       -2.8308604017439270E-005   3.6022974757009513E-005
      334001 -0.68773583184178977        1.5549077372165401       -1.1920331736950930E-004  -1.2687862142024363E-004
      335001 -0.18459255267847138        1.1314221070655921        1.4004303101061464E-004  -1.0515268982738892E-004
      336001  0.75955345245296713      -0.97796240119449529       -9.8108264397820928E-005   6.3267658819293841E-005
      337001 -0.71587387215886922       -1.3025535478308794        6.3217821246869135E-005   3.9798681219401473E-005
      338001 -0.49814905638771961      -0.25426447290408133        5.0381998295825201E-005   3.0872928466030179E-005
      339001  0.83613971733178405       0.12974240711456619        1.8612900750175778E-006  -1.1251623737279102E-004
      340001 -0.70489744978097757       0.40029651222139018       -3.5365047937304020E-005   3.8367151778494999E-005
      341001   1.1122219471137123      -0.35995018567968101       -1.8868814176640752E-005  -9.7509342621329167E-005
      342001  0.98532654087628946       -9.4278389110247537E-002  -4.6728173357304962E-005   1.7827514063677132E-005
      343001  -1.2109595138654978        1.3319509971260202       -5.1805389017825077E-005   2.2232956700333927E-005
      344001 -0.83170173216826004       0.70704304150879893       -3.6165661965532929E-005  -3.2834560057466811E-005
      345001  0.16839554561730169       0.48682921709593718        3.2522509258169676E-005   1.8976834776473616E-006
      346001   1.2312548160748920      -0.81999238395420582       -2.6674392824118251E-005  -6.9870225042465413E-006
      347001  -3.5842902087515553E-002  0.58360601261877287        1.0581503781685619E-004   2.6687549391814818E-005
      348001  -1.3955229373979416       -1.4398313147223665       -3.2510674135774492E-005   6.7859567982214103E-006
      349001   1.2934620853675203      -0.71428049367629909       -6.5571290947933971E-005  -4.0683428785990739E-005
      350001   1.2251299059885863       0.11596817910602442       -1.4036954801750119E-005  -8.8627648932414671E-005
      351001   1.2954940853996881        1.1662724351995284        2.8400263095874279E-005  -5.4238652605153956E-005
      352001  0.94524677841018567       0.14690181036759523        6.5739932543002971E-005  -7.0711505316551035E-005
      353001 -0.20292377952551327        2.5013366729400292E-002   1.9948799746367274E-005  -4.5969831381051337E-005
      354001 -0.60719923523454844       0.97165513679953697        2.9075970882300040E-005  -3.0721764515117940E-005
      355001 -0.62970396846442933      -0.87191916012797521       -3.2754192746509785E-005  -7.7612277553987106E-005
      356001  0.18133722845237688      -0.43723424568506319       -1.0189819917297741E-005  -5.8085786294245802E-005
      357001  0.52410437196836279       -1.5366606456908203       -8.1475917485760415E-006   2.7199645751894629E-005
      358001  -5.6777713285298417E-002 -0.20031347460629959        2.6438994215533628E-005  -9.9884156271772548E-005
      359001  0.19476601387824191       -3.7503206146351470E-002  -7.9091900707402765E-006  -8.7740488589463616E-005
      360001  0.86336496136713881      -0.28350379580333784        1.9274838691654227E-005   4.7956756368867942E-006
      361001  0.77777567740309017      -0.47368671592765221        1.6498795873990180E-006   2.9544828418725434E-005
      362001   1.3499822554240835      -0.22516434690911846        2.8840213963881004E-005  -9.9788245929669503E-006
      363001 -0.23552842343414207      -0.91058319758774331       -3.2143105464759532E-005  -4.5753549966679728E-005
      364001 -0.70543703309439332        1.7744219501059530        3.6644003717173572E-005  -3.2893009356499081E-005
      365001 -0.56420139029738825      -0.49707024503712216       -3.5797189540534279E-005   6.6266605292353138E-005
      366001  0.88570761671187281       0.10944675255054888       -7.2110381503299572E-005   1.4478425167362683E-004
      367001  0.80334916118813038       -2.1214823359902075        1.1908219385608592E-004  -7.7766894785062098E-005
      368001  0.60023125360767748      -0.17468526365426160        1.2785927689766219E-004   4.2656845375965715E-005
      369001  0.67065659459192051        1.7339525640357423        3.9064656503302551E-005  -1.3935382673998319E-004
      370001  0.68997572843695332      -0.76391519073395830        4.8454043373072217E-005   1.6818330797495725E-004
      371001 -0.89690682463671834        9.7806517918743494E-002  -1.4726588419881231E-004  -8.1623533578077854E-005
      372001  0.79418334926780587       0.42062501228199722        1.4860726466729276E-004   5.1439771164160070E-005
      373001  -1.1092111465762255       0.67444672922918603        3.0091434941799140E-005  -2.2631652168239233E-005
      374001 -0.55771593834774658      -0.26981954351535653        2.9877293957978299E-005   7.8723446057253439E-006
      375001 -0.70851806440073239       -1.3399622531713125        3.5132421237433852E-005   5.0991507675842798E-005
      376001 -0.97600773548781317      -0.97423298460391450        1.7977386422297506E-006  -1.1712627547331776E-004
      377001  0.92242666804388607        1.0824179672456742        7.3181781319278078E-005  -4.0336680277624828E-005
      378001 -0.76576501385605278       -2.0703007599644541        5.2336697169494405E-005  -3.6999458875033209E-005
      379001 -0.94954302077496533       0.42953773211208507       -3.5536531098264806E-005   1.4111946414137818E-004
      380001  0.47882332535322958       -1.1058957635491884       -3.3514992197871120E-006   3.4627069338831550E-006
      381001  0.15617763747073019        1.4973445183398353        5.9000683897238094E-005   3.1851602874393027E-006
      382001 -0.73420124526823360        1.7017600580270951        3.7186567169774876E-005  -8.4373004476425534E-006
      383001   1.2809100153046991      -0.53283179050845053        5.3292121303596193E-005   1.9989491088164015E-005
      384001  0.74603011776269557      -0.50602258079789841       -1.3744253628964204E-005  -6.6893823806061221E-005
      385001  0.50911083562696813       -1.4212348945963080        1.0993532086568717E-005  -5.4781085134391693E-005
      386001  0.86322942232822786       -8.4017386836543778E-002   1.1771937711682650E-005  -1.0506203187477172E-004
      387001   2.5781064579336536E-002   1.1458949184411282       -4.1532017039315408E-005  -6.2247757096232226E-005
      388001 -0.59468622694398399       0.87213148791965500        4.8572945422171182E-005  -6.4502376931726554E-005
      389001 -0.13482082199130702      -0.60629452366618153       -7.8582050789893620E-006   3.4634318791345034E-005
      390001   9.7562704750961918E-002  0.78464837987915326       -6.9610130980504972E-005   4.2296987494616761E-005
      391001  -6.5686240583763905E-002  0.51173861850004154       -1.8503592009353790E-005   4.2244187133087344E-005
      392001   1.4625707980380214      -0.21828967391296361        3.9483535595484055E-005   8.4066848154673804E-005
      393001  -1.1267541409553468       0.91361336788747682        8.9136972041668180E-005   4.3996469840392609E-005
      394001 -0.11432515881754336        1.0223747930002578       -3.7771655748482514E-005  -1.1346787761991045E-005
      395001 -0.42137090880478900       0.38578276298572667        9.0241909741581024E-005  -1.0646321855905079E-005
      396001   1.2497191243708414       0.19488053602811600        5.6693451926842744E-005  -4.9728971815974368E-005
      397001   1.0448395654381974E-003 -0.43683703470341945        7.6679504680081270E-005  -1.9913262310253272E-005
      398001  0.52655421869809838      -0.16824061972067850        3.3530896491656083E-005   6.9114996622376114E-005
      399001  0.99362308827324675       0.35565509798458989       -7.3293585612367929E-005  -2.4018193348479457E-006
      400001  0.46273690245752030        1.0060299892637071E-003  -8.1359676460545458E-006   4.1698805294242849E-005
      401001   1.0602065648933221       0.23038282424977891       -2.9977351944024628E-005  -1.0727735315924574E-004
      402001  0.68014599590393987      -0.82627481498264765        1.5537117675690685E-005  -4.5755498546438587E-005
      403001   1.0327027259070496       0.22613325878102708        4.2079614464463159E-005   1.4160734615701941E-006
      404001  0.50051140315475762       0.60653395163912893       -6.0816043130977592E-005  -4.2537833149774874E-005
      405001  0.58902402367211559        6.5420027767832442E-002   5.4326393641367625E-005   8.7342747006887965E-005
      406001 -0.43658870614675560      -0.12737193233569599        1.0992805119019052E-004   5.7134724624306141E-005
      407001  0.97280434018026685        1.1886381485640138       -5.3353891343137925E-005   2.1554043778886394E-005
      408001   1.1780704810647840       0.70196975342092449        2.5261569135574000E-005   1.3321321481464233E-005
      409001   1.2017883354487613       -7.8502733369754510E-002   3.6779845262492386E-005   2.9094170495913065E-005
      410001  0.94805904428979093      -0.78806430974925568        2.4594181073375302E-006  -3.2282962747772461E-005
      411001  0.49316158886115924       0.58279111347614521       -1.6406357159420045E-006  -8.6855291128847037E-006
      412001  0.97983459853241617      -0.79174683489234388        3.0096964553323682E-006   1.6058488520222651E-005
      413001  0.97335800691811247        1.8200547470712714       -5.3414474228105502E-005   4.5717798007079948E-005
      414001   7.3785015907539483E-002  0.27013743516655797        2.2416441109041550E-005   1.1911855474822188E-004
      415001  -3.8027627835294196E-002   1.9991287101649757        2.7797982428807876E-005   6.2815794423687926E-005
      416001  -1.4502379794310185       -1.4786105041935349       -8.8826766530271405E-005  -7.6230091563814019E-005
      417001  0.85355538355403748       0.38027711539289433        7.0910524945893012E-005  -2.9771932820815224E-005
      418001  0.43002161798584759      -0.17062012056508330        4.7318383341616937E-005  -4.7578204265211615E-005
      419001  0.73272410116073972        1.0769137276068950       -5.6027451291330556E-005   2.7873543434911622E-005
      420001   1.5339742225673048      -0.42074601052510435       -4.7602640446565894E-005   2.2860853889492762E-005
      421001 -0.96717539930543261        1.0290128919641333       -9.2547224344343351E-006   1.0015829415277693E-005
      422001  -1.3822800899775243      -0.21022263257001680       -2.4424302468602463E-005  -4.9396654351480253E-006
      423001  -2.2311914258465914E-002  -8.6253459930059354E-002  -4.0573657271833828E-005  -4.9118008435190019E-005
      424001   1.3279634489100880      -0.62651956829258937       -3.2902320313274715E-005  -1.3782804044102697E-005
      425001  0.57122260470574315       0.55814475092550997        6.2423744191471056E-005   1.8154499464120862E-005
      426001 -0.63335610332906689      -0.46955094460715474        3.9151902398365998E-005   2.9882177452100692E-005
      427001 -0.75791067156595415       0.66896270886795151       -1.7737588286179197E-005  -7.7270891860856821E-006
      428001  0.92756648551991427        1.9096699856746800E-002   5.2013185867286248E-005  -3.4608084859321763E-005
      429001 -0.87570507344692650      -0.37262185212956350        2.4338189830173177E-005   2.1127345095551700E-005
      430001  -1.1388173092198339       0.43461082075726093        5.1402352948672872E-005   3.3938594832946353E-005
      431001 -0.26616041706601218      -0.96293393891180723        1.0873039259877581E-005  -5.3409251132303060E-005
      432001 -0.62993679740708730      -0.54887944553866930        4.4407008694459036E-005  -1.1341570234559581E-004
      433001   1.2167237624219935      -0.96076284312106019        1.9290148045654711E-005   1.0494107553969438E-004
      434001 -0.25064555130051497        5.4414013083348436E-002   5.3694912113798720E-005   9.7199217716900486E-005
      435001 -0.47285041957353796      -0.41789486147566629       -8.7474096874786713E-005   7.8826157369486265E-005
      436001  0.30525592592469813       0.55155786225065140        6.5071150047141515E-005  -4.0015996110275159E-005
      437001   1.3036257809405492       0.58434211728585916       -3.3085623206420706E-005  -1.1450025741728176E-004
      438001 -0.60855509767261506      -0.47206299018541303       -1.7698899716688825E-005  -1.2022538089475232E-004
      439001 -0.78915810745421500      -0.62901517721921441        7.9456562890127988E-005  -1.9797146897788632E-005
      440001  0.89204261149620334       0.20959548895220012        1.5223831614030920E-005  -6.3996144760943848E-005
      441001 -0.56426564631249820      -0.70667743439713371        1.3155318246996810E-005  -6.5143425034869655E-005
      442001  -1.3091095836526416       0.41372538373971895        9.4724425537163120E-005  -3.5561832445269186E-006
      443001  0.58047984863931412        1.3426339163153640       -2.8267934268429607E-005   1.4308483692723479E-005
      444001   1.2393924437179356      -0.41255448793499955        1.0029082894757988E-004  -6.6531159722630335E-005
      445001 -0.28652507039872227      -0.40428641626978445        1.7954386242824062E-005   1.1401230662083687E-005
      446001 -0.49070038869597227       -1.0153845242438500        5.7499308161843346E-005   1.9207666388558857E-005
      447001  0.76818430358269374       0.37163909949867768        2.9415602559268400E-005   6.8150954004839593E-005
      448001   1.4797634862758164      -0.52160840969752575       -3.2682679401164698E-005  -9.6004818751689003E-006
      449001   5.0094815507187085E-002   1.5678980126750524       -1.1424660518337424E-006  -6.4752486398377825E-005
      450001  0.98653018643604662      -0.69697352219772568       -4.5661863565947635E-005   2.7210948035666672E-005
      451001  0.97092280543034037       -1.9607749510172900        4.0373331342451091E-005  -3.0429496169189491E-005
      452001  0.44104449202303170       -4.4443511649741654E-002   4.3601297834227507E-005  -6.0168256142079820E-005
      453001   1.0852369835380391        1.2199446466456594        1.8655748783102556E-005  -5.1120081405352164E-005
      454001  0.54832552138412638       0.61749558021639916        2.0488237049672203E-005   4.5057577012373285E-005
      455001  0.51805549418329555       0.23886843245509473       -1.0603409578905396E-004  -9.4532093804965866E-005
      456001 -0.50089443003043499       -1.2933371397139704       -7.1041454877219346E-005  -1.9021111088571904E-004
      457001  -1.2890385483481672      -0.28827146531303605       -9.3982943396941617E-005   1.0853511898934598E-004
      458001   1.0101142308494246       0.84948057870021232       -3.3718018686243801E-005  -1.6325032081170780E-004
      459001  0.37579239111199791       -2.0505641031042732        1.9191425991515778E-005  -2.1471796857276485E-005
      460001 -0.77124405943649399       -1.4207405002153752        1.3797675273614311E-004  -2.4308371536441517E-006
      461001  0.63847242439981178       -1.7027427974260911        3.5204787186532894E-005  -1.4603150739861664E-005
      462001  0.59193921910568970      -0.40975210620036984        1.4321901291184539E-005  -1.4978631027337740E-005
      463001  0.75357396254962261        8.8981570281589595E-002  -3.7514124630236063E-005   2.6099639622767754E-005
      464001  0.57129108796394834      -0.42719518284177677        5.5422197285297744E-005  -7.2876292736283129E-005
      465001 -0.68633786777476147       0.78827736921034763       -1.0986530195355757E-004   3.0268119844640240E-005
      466001  0.32339789714072009       -1.1015120493460127        3.0983169918210983E-005   3.6090601952636095E-005
      467001  0.93675413036652944       0.42058381966873226        1.6067099335429060E-005  -5.5763005959079226E-005
      468001  0.18235827804865470       -1.8821200649519882        2.3088635196289450E-005   1.4833396634224486E-005
      469001   1.0935909989311043      -0.87337313263449912       -4.9062566184847713E-006   5.1149847950302979E-005
      470001 -0.58143263352696284       0.84531269029676515       -7.0543832251102390E-005  -7.6190142928339370E-006
      471001 -0.26813009994977566       0.61714033107394251       -4.7347592062199383E-005  -4.3488173967668241E-005
      472001  -1.0730406485180797        1.1637606838282888        3.6749900139720638E-005  -3.4703247749947608E-005
      473001 -0.96734595655419120        1.4364818587180483        2.3035501032022178E-005   5.2168151877538750E-005
      474001  -1.1880526751596392        1.0071530527386552        2.1461915840705445E-005   1.0553922265916320E-004
      475001  -1.1716254700507711        1.8581779093205109       -8.7508827222637262E-005  -8.8206217706116429E-005
      476001  0.84026917645780697       -1.0124874784219111        3.3918557049835149E-005  -1.2988397727221225E-004
      477001 -0.20888137496116571       -2.1746195272594968       -4.4208921563162120E-006   8.2883446007714511E-005
      478001 -0.15584120649405844       0.42266582408751879       -4.8114329930956728E-005  -2.0244184135555736E-005
      479001  0.95943024754352224        1.8239993250657260       -4.5117832151248986E-005  -4.8039382765557834E-005
      480001  -1.1895385861486103        1.9970817975323198       -4.3760471459574025E-005  -1.2138600191233530E-005
      481001  0.89161958270605146       0.32541667835729055       -9.5333166476946801E-005  -2.0144957797447490E-005
      482001  -1.3267675251180080       -1.9245719750855934        6.5078346355954675E-005  -2.7114914694096172E-007
      483001 -0.98751948021489677        7.5455209546671759E-002   7.5713001620692877E-005  -7.9892205750420838E-005
      484001 -0.47257071312975751      -0.79864517436410221        2.4183349565866286E-005   2.3650029340633803E-005
      485001   1.3487004084447745        1.2913149457262050        1.1572300697859175E-004  -6.3770953736028244E-005
      486001  -1.3300887306232705       -1.1868593337286044        1.2626772477354538E-004  -1.1320362633478347E-005
      487001  0.84133712121226034      -0.26775436244715473        3.6403000476937602E-006   7.9401818453579752E-005
      488001 -0.19862965779486511       -1.1201902635936729        8.4393646756624388E-005   5.4859718333050236E-006
      489001 -0.97560793336863116      -0.35721840122104814        3.2770959652322756E-005   5.2002393366924938E-005
      490001   1.3263105743595891      -0.70086194550786707        9.8625634172682031E-005   8.9509471957239094E-006
      491001  0.70113420952740535      -0.33117722762603202       -3.0672467835196656E-005  -1.5334990846806912E-005
      492001  0.77927996938071542       0.80824867991089355        1.8755208627965465E-005  -3.3194581295313499E-006
      493001  0.44246949607021391      -0.52307539766799627       -2.3355665464978094E-006  -1.8917011059007099E-005
      494001  0.78298312185383678       -1.1622160452479164       -4.3583867491029903E-005  -5.1923752323354422E-005
      495001  0.96704612844220994       0.38988041851828542       -3.9263541234263468E-005   6.9840602840684932E-005
      496001  0.70854594211297661       -1.0219095532822416E-002  -4.9920442018937704E-005   4.5765992687118670E-005
      497001  0.26752982569035821      -0.56423037257540209       -1.0601439068870656E-004   2.0537756375353257E-005
      498001  0.74776335338882738      -0.94023372300366159       -4.8222882600761682E-005   5.4419571766236931E-005
      499001  0.38780435382999939        4.6502626564357545E-002  -2.1054856448220590E-005  -5.9010904932474386E-005
