           1  0.97241966241523237       -1.0015591939008390        9.7177863937791278E-004   5.0451976945977827E-004   1.4762984088376912E-003   307.52488532785890     
        1001 -0.41385246761270456       0.22645128886407331        6.4134417145640026E-004   7.6662337856285199E-004   1.4079675500192524E-003   202.95701591987773     
        2001  -1.0769410214146462        1.2774711974580120        4.1859331550103831E-004   8.5111764293879625E-004   1.2697109584398345E-003   132.46623884516603     
        3001 -0.73201624068232030       0.42161883031665776        2.9629463862230587E-004   3.4033895664869785E-004   6.3663359527100366E-004   93.764125978230467     
        4001 -0.76861188217033027      -0.45591044464073094        5.4631709920159570E-005   5.7427466557915087E-004   6.2890637549931040E-004   17.288515766529802     
        5001  -1.1293151792670357      -0.99627986834875126        1.8973119246226171E-004   6.8015918711560269E-004   8.6989037957786437E-004   60.041516494359271     
        6001  -1.2570532096404163       0.19581643986985547        1.7975829096199855E-004   4.3949466975383477E-004   6.1925296071583332E-004   56.885535012591205     
        7001 -0.87848276728709518       0.86847729330241397        3.0436614665495736E-005   6.6253973831418721E-004   6.9297635297968290E-004   9.6318400667529076     
        8001 -0.59337122646930862       0.56197103302600049        4.0673942263997278E-005   6.3457369761644642E-004   6.7524763988044368E-004   12.871500693383128     
        9001 -0.73304183483519492       0.37240868853878473        2.6537149190548111E-004   4.6490755657175242E-004   7.3027904847723353E-004   83.978320072725367     
       10001 -0.92218874976439957      -0.83987420273383839        1.8240594059479437E-004   5.4182472095888091E-004   7.2423066155367531E-004   57.723398818936147     
       11001  -1.1750640585994676       0.53116982243787314        5.3827984749913057E-004   7.0282591618033442E-004   1.2411057636794649E-003   170.34172358679845     
       12001 -0.87216005326098123      -0.73248787205797827        3.5242782738929200E-004   6.5529312272262919E-004   1.0077209501119211E-003   111.52779327771445     
       13001  -1.0184344253837656      -0.93626055926652396        5.7547906649892415E-004   7.0869975671762446E-004   1.2841788232165487E-003   182.11362831246785     
       14001  -1.3800412051092417       0.70507978797579574        2.7560117573498643E-005   1.1427270722885771E-003   1.1702871898620758E-003   8.7215561785120617     
       15001 -0.63654393900962825       -2.0582816179094830E-002   4.1909740446810799E-004   6.0588116367641482E-004   1.0249785681445229E-003   132.62576066990215     
       16001  -1.1011042804726292       0.53374631720857291        5.3942107693091238E-004   7.8124393518762432E-004   1.3206650121185366E-003   170.70287214051243     
       17001  0.42745876753252127      -0.34663828379217454        2.2818056068867453E-004   7.2804592369432001E-004   9.5622648438299456E-004   72.209038063186398     
       18001  -1.2472706645368827      -0.40574185467775348        1.2731822309047141E-004   7.0148429369187686E-004   8.2880251678234826E-004   40.290576855144941     
       19001 -0.96697659428915061      -0.32441611688843719        5.0748304484103608E-007   6.1636388066068552E-004   6.1687136370552659E-004  0.16059589997828821     
       20001  -1.0241673423660640      -0.11602074263623847        8.7835356110884706E-005   5.7975197187514133E-004   6.6758732798602601E-004   27.795998719443975     
       21001 -0.78249563385628462      -0.15267011395992974        8.9655486524154427E-005   7.1525274392954035E-004   8.0490823045369477E-004   28.371989355522203     
       22001  -1.2963844623030905       0.29206929196362197        1.0716478727396595E-005   9.7194739061507037E-004   9.8266386934246688E-004   3.3912907304391422     
       23001 -0.25541813568752525       0.88194200399201383        3.4225379161290906E-004   1.4107210102203575E-003   1.7529748018332665E-003   108.30816170868080     
       24001 -0.82692354470659868      -0.81284082222038656        7.7358451349530396E-005   8.4207247910663753E-004   9.1943093045616789E-004   24.480522535084852     
       25001  -1.0133026979724902        1.2846414555398238        5.8157043736048426E-005   1.0570312575263283E-003   1.1151883012623768E-003   18.404127731583543     
       26001 -0.80892472260821802       0.71645297886719939        2.4859273450869357E-004   8.6426216010915789E-004   1.1128548946178515E-003   78.668586728829098     
       27001   1.4035984882813017       0.19177224801075463        1.5393917176281064E-004   9.6851835813474335E-004   1.1224575298975541E-003   48.714927685721570     
       28001 -0.34812890226471849      -0.66835129511918778        5.7697501831475633E-005   1.0359087383270866E-003   1.0936062401585623E-003   18.258703078498392     
       29001   1.2942112239037178      -0.24288294323544368        2.3195702946815944E-004   6.5501898461025124E-004   8.8697601407841068E-004   73.404123117843270     
       30001   1.0743392558965008        2.2452798015410131E-002   5.5095119891932366E-004   7.9958168140347249E-005   6.3090936705967088E-004   174.35164491511495     
       31001 -0.40835027071833485      -0.41249185930125759        3.5531637469017271E-004   9.9425256597821519E-004   1.3495689406683880E-003   112.44189052319011     
       32001   1.0856510204527117        1.0031952708386369        1.3519647246130911E-004   5.4069811021402730E-004   6.7589458267533638E-004   42.783693740181725     
       33001  0.63825340550172671      -0.19746039093753190        1.6304050523736059E-004   5.6916131171331596E-004   7.3220181695067652E-004   51.595096501619075     
       34001   1.0741228067459390       0.50825980926783654        2.1497159874156330E-004   2.7539179587537824E-004   4.9036339461694151E-004   68.028986821593151     
       35001  0.85358586742226239       0.51803786793045015        9.0305757050195384E-005   5.3802714647785519E-004   6.2833290352805056E-004   28.577771167191624     
       36001   1.1863651194963711       0.80979135549264181        3.9584453328411443E-005   6.2348175360704835E-004   6.6306620693545979E-004   12.526725714385355     
       37001  0.83838622966060172      -0.56555103503006221        2.5053733272726295E-004   4.3278735806405043E-004   6.8332469079131338E-004   79.283965910817628     
       38001   1.0545795553593205       0.59586526972206100        1.3993110926478446E-004   5.9779445019480246E-004   7.3772555945958689E-004   44.281996523405994     
       39001  0.88760486715099962      -0.66270756714701784        2.9788403809188165E-005   5.6537490571725965E-004   5.9516330952644777E-004   9.4267100493017448     
       40001 -0.83193676079695333       0.42622683392938188        3.9728843314657154E-004   9.1261731372461986E-004   1.3099057468711913E-003   125.72418747925512     
       41001  0.24935903717990537      -0.38330518906379962        4.9362367342950075E-004   1.0430555540766869E-003   1.5366792275061875E-003   156.21002295718287     
       42001 -0.21745551584676309      -0.84170071221031795        5.3355458711720012E-004   1.3048011022095912E-003   1.8383556893267912E-003   168.84638802557674     
       43001 -0.80353104392498031        1.5513230208376871        2.0667618102225723E-004   1.4307832852445768E-003   1.6374594662668341E-003   65.403854636644795     
       44001 -0.27642351493685019       0.61786330577595172        3.6524863116904252E-004   1.2607493811473015E-003   1.6259980123163439E-003   115.58500965643904     
       45001   1.1559984222567692      -0.51412147926429896        3.2266538762086089E-004   7.0598611513220848E-004   1.0286515027530694E-003   102.10929969699198     
       46001  0.87422485819357032        8.9597008062465306E-003   6.7235497552988586E-005   6.4315818688723085E-004   7.1039368444021948E-004   21.277056149516252     
       47001  0.42661664886635020        9.5855174078902372E-002   2.0925036756785811E-006   1.0129800427799954E-003   1.0150725464556740E-003  0.66218470630627935     
       48001   1.2631241737123104       0.44314583867734070        2.6014408266204916E-004   8.2977869408000558E-004   1.0899227767420547E-003   82.324076644224732     
       49001  0.95051422413189668      -0.24293227096209660        2.9492511334836788E-004   5.2590594891793003E-004   8.2083106226629797E-004   93.330731904976304     
       50001  0.90350825885781261        1.2830470260728430        8.3504403274065270E-005   1.0421567192438978E-003   1.1256611225179630E-003   26.425444026704621     
       51001  0.89663103900891572      -0.42163215995373798        7.8812984549627749E-006   7.1750500145285391E-004   7.2538629990781664E-004   2.4940817850746293     
       52001   1.0911366869294434       0.52346308009580322        5.4116619315437775E-005   8.9567982886751111E-004   9.4979644818294891E-004   17.125512410897361     
       53001   1.2536319129053910        5.4086478411499023E-002   1.1750076964957772E-004   8.6123265326147440E-004   9.7873342291105218E-004   37.183787797139800     
       54001   1.2367957947516284        1.1708904487119001        3.3757095015464478E-004   1.0932317632729592E-003   1.4308027134276040E-003   106.82624985745598     
       55001  -1.0719595041593728      -0.56466768397889922        2.3392545314492109E-004   7.2871727965548370E-004   9.6264273280040477E-004   74.027042001777858     
       56001 -0.45900030363693223      -0.63925080688046299        4.1877002403752150E-005   1.0360978979794826E-003   1.0779749003832348E-003   13.252215926800353     
       57001 -0.95418003186774514       -1.5728971254725681        2.7709924641943807E-004   1.3103233458664184E-003   1.5874225922858564E-003   87.689634785679601     
       58001   1.2981652654898719       0.43137735445677089        3.2352421296756801E-004   9.2104909165550107E-004   1.2445733046230691E-003   102.38107986951341     
       59001   1.0190869241324632       0.20012565816360769        3.6705779457243075E-004   6.1240544032330614E-004   9.7946323489573684E-004   116.15752971977618     
       60001  0.78120997445846729       0.38942330445599010        2.9977783038685670E-004   7.6110171659931280E-004   1.0608795469861695E-003   94.866401851112542     
       61001   1.0391152981483376      -0.56539299612283089        4.1657355529127889E-004   9.0969665558412332E-004   1.3262702108754023E-003   131.82707422297014     
       62001   1.0293559556611134      -0.88305870968550915        3.3589652302059881E-004   9.2653371938863005E-004   1.2624302424092289E-003   106.29636785396085     
       63001 -0.66237552248905751       0.41415199520460710        4.3450412957673411E-004   9.1939497649782946E-004   1.3538991060745636E-003   137.50130658161422     
       64001 -0.43867386010160597        1.0934573855633261        1.8721842193002207E-004   1.3370128086877737E-003   1.5242312306177957E-003   59.246335947607506     
       65001 -0.41710151669503764       0.28801762244203649        1.1126841640314333E-003   1.1412775065935943E-003   2.2539616706250274E-003   352.11524115094511     
       66001  -1.3181161820834233        1.7256957089451241        2.1931008182520090E-004   2.1016932615660062E-003   2.3210033433912073E-003   69.401924503827658     
       67001  0.95350671871791925      -0.92806402418994938        2.5288393583587177E-004   9.6412982331796381E-004   1.2170137591538356E-003   80.026561829932376     
       68001   1.2489700249675280       0.60329263266472066        6.4057599164622526E-005   1.0291939464125224E-003   1.0932515455771450E-003   20.271392104367582     
       69001  0.80935042387584955      -0.99213776385389119        5.2859305609447149E-005   9.9119656454458530E-004   1.0440558701540325E-003   16.727628327436307     
       70001  0.56485377411603999      -0.25493882772574222        1.8090819575092737E-004   1.0385224316935273E-003   1.2194306274444548E-003   57.249428932486033     
       71001  0.50400528702022596       -4.3122085977356645E-002   3.5399569987273487E-004   9.7772906078388974E-004   1.3317247606566246E-003   112.02395545512981     
       72001  0.66609426725741250       -1.6963434724780041E-002   5.5294457757419202E-004   1.0373430273108500E-003   1.5902876048850419E-003   174.98246094400588     
       73001 -0.69218632363732280       0.97674105101818209        5.8969984457821374E-004   1.1561498519990225E-003   1.7458496965772363E-003   186.61387453202462     
       74001   1.3082890443818740       -1.6219589894855828        2.9968505089933114E-004   1.9291234427298543E-003   2.2288084936291854E-003   94.837041253846948     
       75001  -1.1889362978932636      -0.10493942283746893        5.9544216128427673E-005   9.9830199729758766E-004   1.0578462134260152E-003   18.843106335979996     
       76001  -1.1073619309315974        1.1583675013273191        1.5405009517517758E-004   1.0902528151899191E-003   1.2443029103650968E-003   48.750030031344387     
       77001  0.69544289996909059        1.1638668977845434        5.5293184616461493E-004   1.1058022756203979E-003   1.6587341217850129E-003   174.97843201693175     
       78001  -1.4544495136503479       0.18104088642291277        3.9542021868848002E-005   1.4403699902767750E-003   1.4799120121456229E-003   12.513298037332385     
       79001 -0.64179535549267608       0.69259707549438532        1.0830700169347819E-004   1.0976063667744789E-003   1.2059133684679572E-003   34.274367563082833     
       80001 -0.72869046237155266      -0.75244283819267432        7.2718963187273842E-004   1.0278538967178933E-003   1.7550435285906317E-003   230.12330081306231     
       81001  0.27772126808699338        1.1887435641405193        7.3847292568285489E-005   1.5915694083476044E-003   1.6654167009158899E-003   23.369396340480016     
       82001  -1.2504563879486552      -0.14571098066366778        3.2168496002423766E-004   1.0837692294545375E-003   1.4054541894787751E-003   101.79903779988254     
       83001  0.88979234345552660       0.53263080352368108        3.6106295836203241E-004   1.0231862794829846E-003   1.3842492378450171E-003   114.26042965659491     
       84001  0.18713445537847009      -0.23004815314122126        3.2542323718058754E-004   1.2967822835688414E-003   1.6222055207494289E-003   102.98203689787277     
       85001  0.81764510569697213       0.99346729149763113        1.2345547740938486E-003   1.0896883773454111E-003   2.3242431514392597E-003   390.68188983574464     
       86001   1.2594509930169522        5.7188550593874517E-002   7.5669795341916867E-004   1.0907378966486304E-003   1.8474358500677991E-003   239.46137723506789     
       87001 -0.68075343441487524       0.34757479697742671        3.5598385266610996E-004   1.0102871630051037E-003   1.3662710156712135E-003   112.65311773038657     
       88001 -0.49693005714069394        1.7269787210405639E-002   1.7803155580455127E-004   1.1982327622649678E-003   1.3762643180695189E-003   56.339099837163303     
       89001  0.64234120846633458        1.0460929736753724        4.3349948084762978E-004   1.2125152519700255E-003   1.6460147328176554E-003   137.18337976917638     
       90001  0.33072325161023419      -0.36023534912531302        1.2040178073749943E-003   1.3781042810211831E-003   2.5821220883961776E-003   381.01829279013771     
       91001   1.2656535522179471       0.99870744476632733        7.3411753999554085E-004   1.0720206366662465E-003   1.8061381766617873E-003   232.31567679736116     
       92001  -1.0893548006773559      -0.47492993097867031        3.5390989037644615E-004   9.1520293652658127E-004   1.2691128269030274E-003   111.99680055128964     
       93001 -0.45665386710441608      -0.70119471911428666        4.5147272580713820E-004   1.3133986686042296E-003   1.7648713944113678E-003   142.87111550566121     
       94001  0.86278607604390456       -1.1486685634433491        2.1168939026916606E-004   1.2849553438055322E-003   1.4966447340746983E-003   66.990313256240626     
       95001  0.97805458835012782        1.5943850814231735        1.2542941169341960E-004   1.3174663678246566E-003   1.4428957795180762E-003   39.692851730567043     
       96001  0.71321941740172945       -1.0899520051427201        4.8049446745577144E-005   1.3451046174145415E-003   1.3931540641601186E-003   15.205521094762728     
       97001  0.89591031891158579      -0.57782563472703707        6.7961445247892850E-004   1.1011512995502504E-003   1.7807657520291789E-003   215.06786432302019     
       98001  0.15368893990849622      -0.13265239109417168        6.5453940181796507E-004   1.4285061483234377E-003   2.0830455501414029E-003   207.13272172301473     
       99001  0.82583516671103396      -0.82799290877441911        7.8783910543823229E-004   1.1775805346865144E-003   1.9654196401247465E-003   249.31617216014519     
      100001   1.0887556063603261       0.63333740560961549        6.9169117812919754E-005   1.1375545859547607E-003   1.2067237037676805E-003   21.888961293967270     
      101001  0.72929787303596116        1.0773945180631515        2.2157225832659044E-004   1.2835560896586420E-003   1.5051283479852323E-003   70.117803142224702     
      102001   1.1403378607140469      -0.57888132886755406        2.4023710343335365E-005   1.1877161275850043E-003   1.2117398379283397E-003   7.6024399684410504     
      103001   1.2709523140498920       0.88967343544868471        5.3274459273567919E-005   1.1784465822193540E-003   1.2317210414929218E-003   16.859006069011187     
      104001   1.3220545717593084      -0.46725344908385574        1.3833541721838265E-005   1.2336874051223296E-003   1.2475209468441677E-003   4.3777030686842195     
      105001  0.53909070432753781      -0.71699528692556869        1.7008073688131256E-004   1.2192432621715228E-003   1.3893239990528353E-003   53.823017903939522     
      106001  0.92466369768051582       -4.8012306191036157E-002   9.7921020083535193E-004   1.2380071180478111E-003   2.2172173188831630E-003   309.87664527852928     
      107001   1.1365465354958917        1.4261936956058505        1.3611553098970409E-003   1.4081064809819842E-003   2.7692617908790249E-003   430.74535046114511     
      108001 -0.24754761356094312        1.5931117084860813        5.9298857156767017E-004   2.1506305514047809E-003   2.7436191229724509E-003   187.65461091922762     
      109001 -0.17972685696555521      -0.23193842289350611        1.1734796018592931E-003   1.1984631239583706E-003   2.3719427258176639E-003   371.35430372021290     
      110001 -0.18843811870426097       0.35293254080261099        4.0497370918877757E-004   1.3924725255883585E-003   1.7974462347771360E-003   128.15623685534069     
      111001  -1.3519920539016952       -1.0729471493818032        2.8549600833097365E-004   1.3877090648602576E-003   1.6732050731912312E-003   90.346837917478553     
      112001  -8.7509146461870677E-002  -1.5468660140402317        1.4518696716442038E-004   2.1853329750506760E-003   2.3305199422150964E-003   45.945242691195546     
      113001  0.83725088687526639        1.4320177604848889        7.7926815419776258E-004   1.4407494961552532E-003   2.2200176503530157E-003   246.60384582308612     
      114001  -1.3002176850036471       0.47925818565272027        1.3720920947240800E-003   1.3373543099216131E-003   2.7094464046456932E-003   434.20635831159933     
      115001  0.32854228591200790       -7.3443104041795271E-002   1.4127111733082170E-004   1.4482146470810857E-003   1.5894857644119073E-003   44.706049708100714     
      116001 -0.40817103895098761      -0.55674963861654914        4.1136434493570668E-004   1.2494408717660995E-003   1.6608052167018062E-003   130.17858993618694     
      117001   1.0830964187782512       0.35500686256940006        2.4120782214898004E-004   1.0405044790778545E-003   1.2817123012268344E-003   76.331589150830254     
      118001  0.65365285906099324      -0.67161633041418756        7.9504183759668130E-005   1.3352337290055603E-003   1.4147379127652283E-003   25.159551777582188     
      119001  0.77764687935533694       0.25004785551682351        3.4683604129170367E-004   1.0808742045203131E-003   1.4277102458120168E-003   109.75824071835837     
      120001  0.68417448387212365       0.38352134039861852        5.7292944945863080E-005   1.1657417434538756E-003   1.2230346883997387E-003   18.130678747837823     
      121001   8.5006881321055008E-002  0.73521587187276294        7.9991480727546516E-005   1.3729202788766628E-003   1.4529117596042093E-003   25.313759678533113     
      122001  -1.0125110255378522      -0.66291855183783055        2.3075760058104396E-004   1.1218671203085066E-003   1.3526247208895505E-003   73.024557015006067     
      123001 -0.57218966437422902       0.43887658145583441        1.1537586528245074E-004   1.3119873170778023E-003   1.4273631823602531E-003   36.511349707482154     
      124001  -1.1320049486813888        1.1011946876562329        2.9871457431970773E-004   1.2097568530866974E-003   1.5084714274064051E-003   94.529928412744454     
      125001  -1.2918113961971249       0.78554644373232574        1.3904769295691955E-004   1.2431028634958944E-003   1.3821505564528139E-003   44.002434401165033     
      126001 -0.80972559849475245        1.0525922241514043        4.2799676711457779E-004   1.4374752275638268E-003   1.8654719946784046E-003   135.44201466690151     
      127001 -0.36111303081831286      -0.31062575736943437        4.0621044616247426E-004   1.3624275736176597E-003   1.7686380197801340E-003   128.54760931466978     
      128001  -2.1405814574529881E-002  0.18096247281771771        1.3109276880283930E-005   1.4962930160402834E-003   1.5094022929205673E-003   4.1485053344259546     
      129001  -1.2684296059847504      -0.26360328825256141        3.9867621654951209E-004   1.2868859270100336E-003   1.6855621435595456E-003   126.16335944142379     
      130001  -9.2945514363070355E-003  0.96131209754931568        1.4563504904934997E-004   1.7100141513279651E-003   1.8556492003773150E-003   46.087040755792508     
      131001  0.43936391437396505        1.1644708573887093        8.4437440174058823E-004   1.6495783604966402E-003   2.4939527622372284E-003   267.20708867945478     
      132001 -0.98855405348838743       -1.5259458729208044        2.0184170212336357E-004   1.6147632366083056E-003   1.8166049387316691E-003   63.873956253661234     
      133001 -0.50654773905408579        1.0119649614863191        1.7730683166616781E-005   1.5207834440522285E-003   1.5385141272188452E-003   5.6109756755807476     
      134001  -1.0434381852337353      -0.81712937114471684        8.0820136621241796E-004   1.0810276817998317E-003   1.8892290480122496E-003   255.75992555814742     
      135001 -0.82435002287222015      -0.47288822227047628        5.6517706193213134E-005   1.1750692000652655E-003   1.2315869062584786E-003   17.885350029084545     
      136001  -1.1556276725003851      -0.93330742764624142        1.8644360604047893E-004   1.2287684630226444E-003   1.4152120690631234E-003   59.001141046292851     
      137001  -1.3481579231073662       0.78791744287294196        9.2000344114271800E-005   1.4545063331447804E-003   1.5465066772590522E-003   29.114032895368499     
      138001   1.2866652090126616      -0.89507631027169632        5.1908104462439436E-004   1.3892491466223423E-003   1.9083301912467365E-003   164.26615306770887     
      139001  0.19421740907729804      -0.32649259350657489        1.3159008868523707E-005   1.5721847988852335E-003   1.5853438077537572E-003   4.1642433053597001     
      140001   1.0444024707435364      -0.46800088312442206        1.4253478073087876E-005   1.3709496434671630E-003   1.3852031215402510E-003   4.5105943188414637     
      141001   1.1833220340244013       0.34467104493306555        8.2160528063480976E-004   1.2233275044222921E-003   2.0449327850571020E-003   260.00167062092140     
      142001   1.1349330691336748        1.6868645949243133        3.2886776425916365E-004   1.7822163504744356E-003   2.1110841147335994E-003   104.07207711065820     
      143001 -0.25949420811403268      -0.97113671490670073        6.3237517640910338E-005   1.5864217385373172E-003   1.6496592561782274E-003   20.011872635303590     
      144001  -1.0621804386792761        1.4345544535199157        1.0926080445508094E-004   1.4520408405325500E-003   1.5613016449876310E-003   34.576203879504696     
      145001 -0.77918610261378607       0.88001821493931931        5.1584614309649834E-004   1.3975726156897916E-003   1.9134187587862899E-003   163.24245005438686     
      146001 -0.74739433851497372       0.25405176778597893        2.0795233958137503E-004   1.1215199481634610E-003   1.3294722877448362E-003   65.807702281211348     
      147001 -0.97855703723277954      -0.57175243406384868        5.4932879585530444E-005   1.2546389996653576E-003   1.3095718792508881E-003   17.383822622488992     
      148001 -0.54905321562890885       0.38024068939927874        9.6826661565023111E-005   1.4140346417964660E-003   1.5108613033614892E-003   30.641348541602774     
      149001  0.50866992366335184       0.64637398068917129        3.2632604194349945E-004   1.3800092002316578E-003   1.7063352421751573E-003   103.26773460714293     
      150001 -0.40485981677007182       0.11452358779657397        2.9381830978559588E-004   1.4535565256710565E-003   1.7473748354566525E-003   92.980477613587666     
      151001   1.3499885224852259      -0.34985323072978186        3.1360905005126928E-005   1.4864372084933096E-003   1.5177981134984365E-003   9.9243370091498804     
      152001 -0.46592379857346816      -0.41802122725462820        5.3415553616169699E-004   1.5228679592051170E-003   2.0570234953668142E-003   169.03656177349438     
      153001 -0.90372083471996523       -2.1035181318704752        2.2816597393828271E-004   2.3277390355751211E-003   2.5559050095134038E-003   72.204422002944085     
      154001  -1.2025891230401826       0.87986711727868605        1.0352873180446370E-003   1.3129674067532430E-003   2.3482547247978798E-003   327.62256841421561     
      155001  -1.1884049238921930      -0.65727520589736643        2.8400609667534471E-004   1.3405133277038337E-003   1.6245194243791783E-003   89.875346888061358     
      156001 -0.94746129906584997      -0.83264095009227523        2.3846268904409546E-004   1.2783837529899080E-003   1.5168464420340034E-003   75.462876144512521     
      157001   1.4741308211991662      -0.67626960184668083        3.5421846907417707E-004   1.7127685452841442E-003   2.0669870143583211E-003   112.09445203773832     
      158001  -1.1095714357482513       0.87000301362917742        1.9068511457857660E-003   1.1614586864277471E-003   3.0683098322135133E-003   603.43390581259598     
      159001  0.43688573999958852       0.72949522138067269        4.7290116407375400E-004   1.5214094924340441E-003   1.9943106565077982E-003   149.65226684370111     
      160001  0.70658227552799657       0.46252073654460135        4.9654893103935496E-004   1.2848500591913625E-003   1.7813989902307173E-003   157.13573738902173     
      161001 -0.34764189226299974        1.5494870041253734        3.8029934901295348E-004   2.0419941014474322E-003   2.4222934504603858E-003   120.34789504154445     
      162001  -1.6117822910451949      -0.11994951650115411        1.0503601543118023E-004   2.6211145127315043E-003   2.7261505281626847E-003   33.239245330033832     
      163001 -0.23024666069903946      -0.52284391271982888        4.5680178844093635E-004   1.6009689687527251E-003   2.0577707571936615E-003   144.55752772852387     
      164001  -1.0715904270830441       0.94689813175954263        1.7620131705065848E-003   1.2828638643088400E-003   3.0448770348154245E-003   557.59910359121488     
      165001  0.80838297078255839        1.6047587590745034        6.3939687061627127E-005   1.6538670228510312E-003   1.7178067099126583E-003   20.234078147790353     
      166001 -0.87681495243261953      -0.95412247472686829        5.0591852838442915E-004   1.3019800245306053E-003   1.8078985529150346E-003   160.10079983467980     
      167001 -0.23716676161023817      -0.59095354256032073        6.6708273741971106E-004   1.6906598459001728E-003   2.3577425833198841E-003   211.10213171645222     
      168001   1.2436100229878890       0.86929700008597721        2.2752864203836204E-004   1.3833316685011390E-003   1.6108603105395010E-003   72.002734693204133     
      169001   1.2136778538759576        1.3455790159520604        2.0831232016970785E-004   1.6135779576763373E-003   1.8218902778460451E-003   65.921620188707422     
      170001  0.94347728895522531       0.75063864221881149        1.5620833560348607E-005   1.4025743873350650E-003   1.4181952208954136E-003   4.9433017507432968     
      171001  0.87284685692768760       -1.1963847256119173        9.1340150635126602E-006   1.5122355020632189E-003   1.5213695171267315E-003   2.8905110908671721     
      172001 -0.69326766050377520        1.3592037599558737        6.2279523603723315E-004   1.5985742805596846E-003   2.2213695165969180E-003   197.08709965851102     
      173001  0.13372162689699371      -0.72525396966403743        4.6520222533149230E-004   1.6468097617593274E-003   2.1120119870908197E-003   147.21589382836515     
      174001  -1.0115828727760450      -0.70611156285616095        1.1622159017148507E-004   1.3966112694091684E-003   1.5128328595806536E-003   36.778984165557596     
      175001   1.3635491420527668      -0.85625118685303159        6.6902857003960851E-004   1.5635054314381215E-003   2.2325340014777298E-003   211.71790153177173     
      176001  0.10962755546319065       0.92000139088546906        8.2312890389723967E-005   1.8238448212844248E-003   1.9061577116741488E-003   26.048382988031975     
      177001   1.0354503741364403        8.2968813176397091E-004   5.7403922669267639E-004   1.3967635029125409E-003   1.9708027296052172E-003   181.65798280497833     
      178001   1.1736068928710353       -1.6550330934700821        4.6030383247451853E-004   1.8745948480287562E-003   2.3348986805032746E-003   145.66576950931656     
      179001   1.0738504807718654       0.36334203742865590        8.1094428180313472E-004   1.1973964460738496E-003   2.0083407278769843E-003   256.62793681947659     
      180001  -1.0299935261013027        1.1285636127559231        6.6502925344761503E-004   1.4279477417009723E-003   2.0929769951485875E-003   210.45229501758664     
      181001   1.2488605648146396       0.73214915151034854        3.3401279303978479E-004   1.4962181088740830E-003   1.8302309019138678E-003   105.70025077249328     
      182001 -0.89654048686481236       -1.3794191094880193        2.7224413167850799E-004   1.6166135578160943E-003   1.8888576894946023E-003   86.153206072949388     
      183001  0.86594797612257768       0.93401314560317195        2.7549993655950574E-004   1.4337532056461202E-003   1.7092531422056260E-003   87.183524071418333     
      184001  -1.2741631756984615       -1.1119520310848636E-002   7.9779486614281231E-004   1.1923306856914308E-003   1.9901255518342429E-003   252.46672933949159     
      185001  -1.1598970342905803      -0.33374968433617730        8.3713307279587154E-004   1.4235250106612860E-003   2.2606580834571574E-003   264.91552889093049     
      186001  0.83209389457795846       -1.0185242480553203        5.1546638459923474E-004   1.6178718390207148E-003   2.1333382236199496E-003   163.12227331496189     
      187001   1.5401335964163947       0.49361414396445258        2.2995447329132168E-004   2.1652545643669504E-003   2.3952090376582720E-003   72.770402809853309     
      188001  0.85628641555695784       0.75476367325529603        9.7330990034172143E-004   1.4460040967489934E-003   2.4193139970907149E-003   308.00946158136014     
      189001 -0.92547954796485565       0.66478324339963957        3.3788278357430718E-004   1.2763771434684131E-003   1.6142599270427202E-003   106.92493131919757     
      190001   1.4849189253754584       0.87490132648770436        2.4083066466880495E-005   1.9186597541905066E-003   1.9427428206573870E-003   7.6212235518077396     
      191001   3.5373298697238542E-002  0.66701507696525419        4.2108040616147820E-004   1.6131144600309640E-003   2.0341948661924420E-003   133.25329285022360     
      192001   1.0819695920617260      -0.39099986762157163        7.6150371421639085E-004   1.4877656505926475E-003   2.2492693648090384E-003   240.98218761120967     
      193001  -1.2845274716581141       0.40946879426324662        2.3038756305117003E-004   1.5935499660332027E-003   1.8239375290843728E-003   72.907456531078651     
      194001  0.54800690245196526       0.26470543328424434        2.7690798937731918E-004   1.4380251634837794E-003   1.7149331528610984E-003   87.629110405370724     
      195001  0.72057535870863676       0.65867648733699335        2.0871775699295267E-005   1.4389440840701698E-003   1.4598158597694650E-003   6.6049922980643521     
      196001 -0.24503365151898912       0.82429570586791145        1.9676520956283275E-004   1.6963220845151240E-003   1.8930872940779568E-003   62.267471269031049     
      197001   1.0507947158606439      -0.79545215436581163        1.5298636659772543E-004   1.4720028612501231E-003   1.6249892278478485E-003   48.413407064399628     
      198001 -0.24112370927004348       0.28781574273211236        3.0870842918011759E-004   1.6940622741372549E-003   2.0027707033173723E-003   97.692540704673647     
      199001  0.55769076991260791       0.69040058657012404        1.7255594269574822E-003   1.5809884310333810E-003   3.3065478579908632E-003   546.06310881787294     
      200001 -0.50252372637976628      -0.71234081837400365        2.5860522340602233E-004   1.6502600696357869E-003   1.9088652930418092E-003   81.837095867873941     
      201001 -0.32541515683194333      -0.36240316092387936        1.4815455334888836E-007   1.6313816787196114E-003   1.6315298332729602E-003   4.6884352241559048E-002
      202001 -0.81331564515072619      -0.37076987856812116        2.1861231363229545E-004   1.4565293698153728E-003   1.6751416834476683E-003   69.181111784949579     
      203001 -0.38075219283099754       0.65619637940318087        2.6180324256171769E-004   1.7536193277142790E-003   2.0154225702759968E-003   82.849127244444531     
      204001  -1.0002335410126091      -0.27025896297304952        1.3292189895289070E-003   1.3872178667585177E-003   2.7164368562874247E-003   420.63891998301563     
      205001   1.4192583960950018       -1.0259148068273241        8.3972050073698081E-004   1.8699900378121562E-003   2.7097105385491369E-003   265.73433519994040     
      206001  -1.5209279221982988        1.0151824098677058        6.8145422539606397E-004   2.5405206197816259E-003   3.2219748451776898E-003   215.65007094132326     
      207001  0.94617835821354856       -1.5801843280634238        2.6706330010898764E-005   1.8472699278537811E-003   1.8739762578646800E-003   8.4513702414647529     
      208001  0.74066700576497957      -0.59276977373151973        1.3741546714798758E-004   1.4296329265267179E-003   1.5670483936747054E-003   43.485907247365589     
      209001 -0.34499656068370144      -0.29626636336419332        2.6999119410419569E-004   1.5881941014749418E-003   1.8581852955791374E-003   85.440251145647494     
      210001   1.2173040777065707      -0.98685393394017540        2.3541723248446609E-004   1.5620595134306324E-003   1.7974767459150985E-003   74.499124070407930     
      211001  -1.2542091638114259      -0.47094147941279613        2.1715332102983681E-004   1.5250384709685079E-003   1.7421917919983447E-003   68.719405266011776     
      212001 -0.17907591226551453      -0.67226034084458997        1.2155214885177074E-004   1.8716902554166662E-003   1.9932424042684370E-003   38.465869820852163     
      213001  -1.1065029002554745      -0.65099939779079741        3.7271821921578763E-004   1.5316024640806569E-003   1.9043206832964445E-003   117.94880333788085     
      214001  0.60928222009997579      -0.15758259063383942        4.6664715904970119E-004   1.4819379339083070E-003   1.9485850929580081E-003   147.67315133330783     
      215001 -0.33948571441610992       0.93078123305959604        1.2122918053677967E-005   1.7949085967987463E-003   1.8070315148524243E-003   3.8363664658063503     
      216001 -0.99025646892443164      -0.45247109449576195        1.9130795609001096E-005   1.4605396547474970E-003   1.4796704503564980E-003   6.0540492325031092     
      217001 -0.91175162317302727      -0.37704750814863908        2.0908416374424050E-004   1.4842247062448230E-003   1.6933088699890636E-003   66.165874484007787     
      218001 -0.82164151838396859      -0.45384400696383326        4.3720561294221117E-004   1.5308368730163880E-003   1.9680424859585990E-003   138.35620637928344     
      219001  -1.3287526296024861      -0.90821123759514288        4.4202742239952505E-005   1.7421700166571083E-003   1.7863727588970609E-003   13.988209544531855     
      220001  -1.2544569178226992       0.11023267095129603        4.5677425421636201E-004   1.4233325211723436E-003   1.8801067753887056E-003   144.54881436633241     
      221001 -0.69324737269856462       -1.6141479237366942        1.0437042872354576E-004   1.9742250086416842E-003   2.0785954373652299E-003   33.028616625463762     
      222001 -0.63705197776767397       -4.9811708043684802E-002   6.5253215444802701E-004   1.6629080871867648E-003   2.3154402416347918E-003   206.49751686024885     
      223001  0.73639634259290998      -0.66768585386839263        6.7152006640488202E-004   1.5495541158224596E-003   2.2210741822273417E-003   212.50634974721714     
      224001   1.1667873188038436      -0.21491983927845146        2.5339266758640143E-004   1.4022003653966263E-003   1.6555930329830277E-003   80.187552889938004     
      225001  0.66290989048135762      -0.51599411517885341        1.3622396608510982E-004   1.5150233012588593E-003   1.6512472673439692E-003   43.108849949662407     
      226001  0.14557629125407090      -0.56238415107057360        1.0664479312014973E-004   1.6413985724684195E-003   1.7480433655885693E-003   33.748352192719224     
      227001  0.73539365107760035      -0.98758211509262783        9.5378369373166243E-004   1.6368195396164109E-003   2.5906032333480734E-003   301.83028228545544     
      228001  0.94826585879097613       0.82837983600810972        6.8214467045933332E-004   1.5986707960366558E-003   2.2808154664959892E-003   215.86856621411812     
      229001   1.2064751221766350      -0.55766497238227175        5.3106762714576271E-004   1.6695314797941954E-003   2.2005991069399579E-003   168.05937537779837     
      230001  -1.1777550340975775      -0.49349924422818153        6.5020013992258532E-004   1.5147172452918819E-003   2.1649173852144672E-003   205.75953758136859     
      231001  0.14601828921078153       0.52787860354078031        4.9090143423396570E-004   1.7377261684537594E-003   2.2286276026877252E-003   155.34855485887417     
      232001  -5.2208501061935551E-002  0.14402348231036685        1.6335184134105802E-004   1.9247162066327458E-003   2.0880680479738040E-003   51.693620584891036     
      233001   1.0472895983448371      -0.39150695187071871        1.6814066489138555E-004   1.6015075751473016E-003   1.7696482400386872E-003   53.209071072784617     
      234001   1.0300159996698042      -0.21407655791750330        1.1152328761460610E-004   1.4594608849220416E-003   1.5709841725366476E-003   35.292179561615377     
      235001  0.60842013403643103      -0.58894963215754614        1.4179307724513960E-004   1.6393941817966096E-003   1.7811872590417493E-003   44.871226895879921     
      236001  0.98287046217934793      -0.48636583951081797        9.6129511335879320E-005   1.6470963462521277E-003   1.7432258575880071E-003   30.420731380876770     
      237001   1.1826119223524862       -1.1602712181051338        8.7883836191835336E-005   1.7341219644729712E-003   1.8220058006648066E-003   27.811340517185663     
      238001   1.1811299227693928       0.71917824128825936        1.1478735429085078E-004   1.6770563376235490E-003   1.7918436919143999E-003   36.325112052246368     
      239001 -0.92836601560561172      -0.38657460283121770        2.8756070535846789E-004   1.5506450222374057E-003   1.8382057275958736E-003   91.000223051590368     
      240001   1.2027750435050153       0.42894514273889622        2.5343468120596601E-004   1.5437326506319890E-003   1.7971673318379550E-003   80.200848339143477     
      241001   1.2526849111551490       0.92232724371288655        1.0749112269768311E-004   1.6304765969676286E-003   1.7379677196653117E-003   34.016178007914270     
      242001   1.2925231076288639        1.2602221486771437        5.1076189748635659E-004   1.7253634102191743E-003   2.2361253077055310E-003   161.63351157304876     
      243001  -1.3381844803606089       0.20335351129415533        6.9240019051573917E-004   1.6765949881183311E-003   2.3689951786340703E-003   219.11398394766977     
      244001 -0.95289735704596112        2.2124994704843168E-002   7.4478094227769642E-004   1.2149701641641427E-003   1.9597511064418389E-003   235.69017118439970     
      245001  0.36324553279766364       0.32128134190444629        6.7171864791755375E-005   1.8270769388254100E-003   1.8942488036171653E-003   21.256919199795000     
      246001  0.99796014848167092        1.5243888875983882        3.7123775971052768E-004   1.7710684482165086E-003   2.1423062079270363E-003   117.48030349528393     
      247001  -1.0699037839804965E-002 -0.54951807233258732        9.1319018679713874E-005   1.8404571625110109E-003   1.9317761811907248E-003   28.898423581021451     
      248001  0.87960409775504556       -1.0223408459926604        4.0157388096785375E-004   1.8145292708407696E-003   2.2161031518086235E-003   127.08034185064774     
      249001 -0.22555441372510462      -0.60456641254046628        4.8638971980683708E-005   1.9066870819836673E-003   1.9553260539643511E-003   15.392079713132938     
      250001   7.6229322864344584E-002  0.68351428465480113        1.1163627471114425E-004   1.9053002947231491E-003   2.0169365694342931E-003   35.327934971848165     
      251001  0.26157172037158144       0.17930417580113098        3.5159340420231429E-004   1.8094091930673517E-003   2.1610025972696660E-003   111.26373530762520     
      252001  -1.2629829938796229        1.5067633786001513        1.9651026198625506E-004   2.0168021027354528E-003   2.2133123647217080E-003   62.186791656334627     
      253001   1.4608758961078661       0.34309559631493280        8.6026006129040771E-004   1.8896406146712975E-003   2.7499006759617054E-003   272.23419612291843     
      254001 -0.42104759688276078       0.55017118836960688        1.0487342588724308E-003   1.7952673262595811E-003   2.8440015851320119E-003   331.87792942804180     
      255001 -0.77496432670216797       0.13567547045706035        1.8043576620413190E-003   1.5305413883863800E-003   3.3348990504276990E-003   570.99925911616208     
      256001  -1.2722450512734218      -0.72271944195291604        1.5864345049018222E-004   1.8364884132415274E-003   1.9951318637317097E-003   50.203623482854269     
      257001 -0.73473662211162827      -0.10293296985456282        7.7892535945891073E-006   1.5492415067260242E-003   1.5570307603206134E-003   2.4649536647554267     
      258001 -0.93060886659062803       -1.0257174144910230        1.3388165068919228E-004   1.5376065058700086E-003   1.6714881565592010E-003   42.367610901650060     
      259001  -1.0411457018027006       0.75715609327508082        1.4343266119134189E-005   1.5752375646626621E-003   1.5895808307817962E-003   4.5390082574127835     
      260001 -0.58496339196243563      -0.84331708661775551        2.1226126066935464E-004   1.6788080219418016E-003   1.8910692826111563E-003   67.171284901545533     
      261001  -1.1866278785099005       0.15546321301389546        1.8018498995462584E-005   1.5391738539167327E-003   1.5571923529121953E-003   5.7020566339129957     
      262001 -0.78868347039611320      -0.67866238194471717        7.0551073815641936E-005   1.5334911178391288E-003   1.6040421916547706E-003   22.326289142146091     
      263001 -0.85511695170520852      -0.31889135837576432        6.0957435153755502E-004   1.5837564895440298E-003   2.1933308410815849E-003   192.90327545725148     
      264001   1.1767450868168297        1.5288569649709733        1.7217358760369166E-004   1.9232130006554718E-003   2.0953865882591635E-003   54.485312435150831     
      265001  0.85513136401335732       0.77119430832235780        6.1421564808472942E-004   1.6660195074307098E-003   2.2802351555154393E-003   194.37204018473727     
      266001  0.81000513071282720       -1.6374320554571820        1.5058392516198026E-004   2.0502588568203613E-003   2.2008427819823415E-003   47.653140788627830     
      267001  0.49512553317155100      -0.69491735261926979        4.2594353058210182E-004   1.7353390710796671E-003   2.1612826016617691E-003   134.79225627171303     
      268001 -0.84990059580091959       -1.3781333618783735        3.8622117267945805E-005   1.8696424428663128E-003   1.9082645601342586E-003   12.222188986935771     
      269001  -1.1963787064558653       0.46278550070412461        9.2223112548171684E-005   1.7328397898498738E-003   1.8250629023980455E-003   29.184529235083872     
      270001   1.0780893750710108      -0.79775909536959522        4.4625122535000254E-004   1.7226947306433400E-003   2.1689459559933425E-003   141.21874194623834     
      271001 -0.45708947837373259       0.73294381955621213        1.7232962659846220E-004   1.8504158202279678E-003   2.0227454468264299E-003   54.534691863787181     
      272001  -1.0349261469224902      -0.68136637615964790        1.4321349360443180E-004   1.6768251779249788E-003   1.8200386715294106E-003   45.320725742951488     
      273001   1.2651226580856152      -0.75336311192831795        4.8210581706479856E-004   1.7171938916112892E-003   2.1992997086760879E-003   152.56513170906362     
      274001   1.1195002250880759       0.67475544898027773        2.6508693995985110E-004   1.7675690454731546E-003   2.0326559854330056E-003   83.888271988826645     
      275001   3.5247912530664725E-003 -0.62965049211583779        3.5982686793874572E-004   1.9581715015769582E-003   2.3179983695157040E-003   113.86926180182559     
      276001 -0.20874866947214873        1.0264405026466912        3.1012934423257357E-004   1.8301589573508771E-003   2.1402883015834507E-003   98.142197366037266     
      277001  -1.0147543909139920       0.11518643977111373        4.1412725851736938E-004   1.5179167440008011E-003   1.9320440025181705E-003   131.05292967565222     
      278001 -0.90193759804068552        1.3253960283570434        6.3015043133915783E-005   1.6260239779993021E-003   1.6890390211332178E-003   19.941469310431508     
      279001  -1.2442538684650426       0.77644942652356830        2.5246947007077664E-004   1.7387435212929160E-003   1.9912129913636925E-003   79.895401777922189     
      280001   1.0226009538876770        1.3983195499159492E-002   8.1025367078968566E-004   1.5907505439487328E-003   2.4010042147384184E-003   256.40938903080217     
      281001 -0.72671539963442522       0.64414267581431839        1.5328220811461251E-004   1.6249345976483828E-003   1.7782168057629954E-003   48.507027797423930     
      282001   1.2127536820915381        3.8825651665668854E-003   1.1391377132878370E-004   1.5805186412895982E-003   1.6944324126183818E-003   36.048661748290293     
      283001  0.54093001460967993       0.23091404330779394        3.2707482932665721E-004   1.6192883389867718E-003   1.9463631683134289E-003   103.50469263936304     
      284001  0.98424776130946412        1.1982915490120025        1.0114552809601830E-004   1.7819972077483576E-003   1.8831427358443759E-003   32.008078454024854     
      285001   1.1959391185620964       0.92010535831135232        2.3898904782315718E-006   1.8593436733063697E-003   1.8617335637846012E-003  0.75629445378094251     
      286001   1.3359440637745672        1.4820605578773083        3.6973933221563494E-004   2.3414236028603333E-003   2.7111629350759681E-003   117.00611758002860     
      287001  -1.0296818395437470        1.2982995364522352        3.3659307696550390E-004   1.9075233153759397E-003   2.2441163923414436E-003   106.51679631714329     
      288001  0.78205170039601057       0.23316923031631964        2.5057430665626575E-004   1.5648324409465071E-003   1.8154067476027730E-003   79.295666521240577     
      289001  0.97227103275304350       -6.0513773128810594E-002   9.6069953810162773E-005   1.6724198648045954E-003   1.7684898186147583E-003   30.401884062645824     
      290001   1.1999648698287255       0.13387354620484979        1.5361377527728406E-004   1.5332540099390482E-003   1.6868677852163324E-003   48.611954114536971     
      291001   1.1746743776121604      -0.75692592727775043        3.0077545750879016E-004   1.7642768040076141E-003   2.0650522615164044E-003   95.182106635968623     
      292001 -0.93038900838290628       -1.5343853243288663        2.8648043922853497E-005   1.9934481928613576E-003   2.0220962367842113E-003   9.0658366681971199     
      293001  0.97291966140724384        1.5403693231416753        3.4731104921522706E-005   2.0317902907747648E-003   2.0665213956962874E-003   10.990855968122924     
      294001  -5.4298638003495166E-002  -4.0764404933218881E-002   1.2398368073017853E-004   1.9211964281751984E-003   2.0451801089053771E-003   39.235341932893100     
      295001 -0.81971272654117644      -0.25755526650070870        5.1052136905720765E-004   1.5405086741355719E-003   2.0510300431927798E-003   161.55739498168236     
      296001  0.89224052164994572       -2.4510518987327715E-002   1.0120853446331758E-005   1.6805346573776805E-003   1.6906555108240123E-003   3.2028017177818002     
      297001  0.17850512928543996      -0.23491269123603492        4.5406624116916899E-004   1.9179033019189246E-003   2.3719695430880934E-003   143.69184821369348     
      298001 -0.77316559543167429      -0.69001829302623463        1.2713801829319403E-004   1.6728470710830261E-003   1.7999850893762200E-003   40.233550020665717     
      299001 -0.96568806513701033      -0.88095267936679289        5.6000376228663111E-005   1.6526850943029373E-003   1.7086854705316004E-003   17.721638015279883     
      300001 -0.90063033191290010        1.1684871356538917        7.2187226463436456E-005   1.8378613879539167E-003   1.9100486144173531E-003   22.844058966469436     
      301001 -0.82529458413810319      -0.39732693033985378        3.6615010915266020E-004   1.7603373979016442E-003   2.1264875070543046E-003   115.87028749884468     
      302001   1.3235543848802787      -0.89667381605029961        6.2144223344407228E-004   1.9347089889321682E-003   2.5561512223762402E-003   196.65893428169596     
      303001  0.34695813621001836       -1.1150283243301307        4.3603424843784600E-004   2.1799259398986772E-003   2.6159601883365231E-003   137.98552141021207     
      304001  0.59980330575206364       0.78306787948313250        2.5424629480195695E-004   1.8705962369291208E-003   2.1248425317310776E-003   80.457688084249853     
      305001   1.3425423836540675        1.2079291050905940        1.6234711367188847E-004   1.9314139606828159E-003   2.0937610743547042E-003   51.375668791419955     
      306001  -1.0517132494477055       0.42682934642058667        6.3364581894978218E-004   1.5705294229968387E-003   2.2041752419466208E-003   200.52082842215020     
      307001 -0.91949508394458213       -1.1727524322578695        5.3443779755731124E-005   1.6984796812443150E-003   1.7519234610000461E-003   16.912588499979446     
      308001  -1.0702670149110183       0.44699031643551984        9.6852112785431575E-005   1.6294284415025897E-003   1.7262805542880213E-003   30.649402725261904     
      309001  -1.0931747473887343       -6.8114906479698215E-002   6.3433481052760168E-005   1.5486710091321674E-003   1.6121044901849276E-003   20.073886373119592     
      310001 -0.96396742038468108       -4.0018189486745091E-002   3.3992869072848113E-005   1.4812300098868097E-003   1.5152228789596578E-003   10.757237029087692     
      311001  -1.0957904369802425        1.4990496767008483        2.2421636137562827E-005   1.9908860893977772E-003   2.0133077255353399E-003   7.0954544611939374     
      312001 -0.58200676912388383       -1.0598819956398173        9.0134954861029041E-004   1.9169528756526539E-003   2.8183024242629442E-003   285.23719841602957     
      313001  0.38772970792977013      -0.46485121925355394        3.6538238508031050E-004   1.8710861382191196E-003   2.2364685232994300E-003   115.62733684347329     
      314001 -0.81921770454083720       0.33205254747289803        7.2950093329378715E-005   1.5930316108136917E-003   1.6659817041430704E-003   23.085472531208314     
      315001 -0.35462359849688307       0.31139116080998996        5.6266884217557937E-005   1.9007973390296144E-003   1.9570642232471722E-003   17.805975986297959     
      316001  -1.2401346900040220       -1.2216904464386360        3.0327428036645068E-005   1.9566521722642616E-003   1.9869796003009065E-003   9.5972873361658966     
      317001  -1.0367950067531468       -1.7814553886948847        9.2274846787669326E-005   2.0657230134893470E-003   2.1579978602770163E-003   29.200900829832264     
      318001   1.2668173040345809      -0.26018971638753008        1.0981903175366562E-003   1.7891446353510735E-003   2.8873349528877297E-003   347.52858087600924     
      319001  0.85969920385972032       -2.2968881645645283        4.7530726347610487E-004   2.7152851999685682E-003   3.1905924634446732E-003   150.41369070383973     
      320001  0.93643572266359265        2.2324821156155563        4.3450222521954085E-004   2.6612930868061468E-003   3.0957953120256875E-003   137.50070393693389     
      321001   7.6741560833096564E-002  -1.3185971535313790        2.5377916187632532E-004   2.2554361447693618E-003   2.5092153066456871E-003   80.309861209314946     
      322001   1.0496376524927804      -0.87765183949272785        3.9744413529712078E-005   1.8539162726128918E-003   1.8936606861426038E-003   12.577346031161909     
      323001  0.99977187047749305      -0.33139786656227571        1.0792179695079849E-003   1.7474766466278435E-003   2.8266946161358284E-003   341.52467328276111     
      324001   1.3700047895593206      -0.53614161021896645        1.3841936673104210E-003   1.7697570894014041E-003   3.1539507567118251E-003   438.03596988269089     
      325001  0.75083658842371603       -9.6406412832298519E-002   1.7858939537621257E-003   1.7262285909724990E-003   3.5121225447346249E-003   565.15631346866280     
      326001  0.27907957105869030       0.56893078450641132        1.0273197742990876E-003   2.0620822124813015E-003   3.0894019867803890E-003   325.10119381571315     
      327001  0.72537238286225048       0.86763612873092721        1.0028076138363228E-003   1.7623897564804560E-003   2.7651973703167786E-003   317.34418102494487     
      328001   1.1938873207235781       0.82760645720671455        1.0917121545254247E-003   2.0338017701989112E-003   3.1255139247243361E-003   345.47852929385112     
      329001 -0.23571010451854260      -0.82676413851080088        6.2499094464923911E-004   1.9691686344561732E-003   2.5941595791054125E-003   197.78194415473578     
      330001  -6.5089933351399967E-002  0.81037298534455549        3.5125497784890605E-005   1.9470211283711489E-003   1.9821466261560395E-003   11.115663836053608     
      331001 -0.19677176468957486      -0.49798251834586243        2.9782168322944267E-004   1.9568563570230009E-003   2.2546780402524437E-003   94.247367941648079     
      332001 -0.99647293367879963      -0.58694152090855678        6.1545475560731769E-004   1.7564732822103882E-003   2.3719280378177061E-003   194.76416281776486     
      333001 -0.20623044035190316       0.63865060936073448        1.0495158858801617E-004   2.0142960816510922E-003   2.1192476702391085E-003   33.212527974650058     
      334001 -0.68773583184178977        1.5549077372165401        1.5153807722698730E-003   2.1339566650524474E-003   3.6493374373223206E-003   479.55087644101485     
      335001 -0.18459255267847138        1.1314221070655921        1.5334569356287519E-003   2.1409789840034807E-003   3.6744359196322325E-003   485.27118129116610     
      336001  0.75955345245296713      -0.97796240119449529        6.8140140978136541E-004   1.8139739314977452E-003   2.4953753412791106E-003   215.63335713923342     
      337001 -0.71587387215886922       -1.3025535478308794        2.7902139750023191E-004   1.9032626822207666E-003   2.1822840797209985E-003   88.297910443068346     
      338001 -0.49814905638771961      -0.25426447290408133        1.7457417321745751E-004   1.7752612000247275E-003   1.9498353732421850E-003   55.244991425487193     
      339001  0.83613971733178405       0.12974240711456619        6.3316840366368075E-004   1.7118864514243431E-003   2.3450548550880239E-003   200.36974763568003     
      340001 -0.70489744978097757       0.40029651222139018        1.3613624756009417E-004   1.8589895778565830E-003   1.9951258254166772E-003   43.081090922808478     
      341001   1.1122219471137123      -0.35995018567968101        4.9320520234381795E-004   1.8067859727114281E-003   2.2999911750552458E-003   156.07759539865987     
      342001  0.98532654087628946       -9.4278389110247537E-002   1.2506712215004756E-004   1.7871614898458791E-003   1.9122286119959268E-003   39.578203141097852     
      343001  -1.2109595138654978        1.3319509971260202        1.5890513474635571E-004   1.9792572913046014E-003   2.1381624260509570E-003   50.286434956178454     
      344001 -0.83170173216826004       0.70704304150879893        1.1930317197862952E-004   1.8363090315247010E-003   1.9556122035033303E-003   37.754168279994566     
      345001  0.16839554561730169       0.48682921709593718        5.3065740551453406E-005   1.9723118084593681E-003   2.0253775490108213E-003   16.792955840612329     
      346001   1.2312548160748920      -0.81999238395420582        3.8017085800510948E-005   1.9460839065631474E-003   1.9841009923636582E-003   12.030723333027430     
      347001  -3.5842902087515553E-002  0.58360601261877287        5.9545237603616304E-004   2.0968580587528421E-003   2.6923104347890050E-003   188.43429587621387     
      348001  -1.3955229373979416       -1.4398313147223665        5.5149657121492199E-005   2.2025693643804292E-003   2.2577190215019214E-003   17.452423108429873     
      349001   1.2934620853675203      -0.71428049367629909        2.9773677871816937E-004   1.8610512690071853E-003   2.1587880477253545E-003   94.220499425470507     
      350001   1.2251299059885863       0.11596817910602442        4.0259481276968591E-004   1.7411805825151706E-003   2.1437753952848566E-003   127.40342153419273     
      351001   1.2954940853996881        1.1662724351995284        1.8742031901687262E-004   1.9760475543803956E-003   2.1634678733972682E-003   59.310227430673535     
      352001  0.94524677841018567       0.14690181036759523        4.6609278574456038E-004   1.6270569662654036E-003   2.0931497520099642E-003   147.49771674338785     
      353001 -0.20292377952551327        2.5013366729400292E-002   1.2555900042614775E-004   2.0237843699516091E-003   2.1493433703777568E-003   39.733860823129021     
      354001 -0.60719923523454844       0.97165513679953697        8.9461944883535973E-005   2.0025946665734999E-003   2.0920566114570357E-003   28.310742001005892     
      355001 -0.62970396846442933      -0.87191916012797521        3.5482513847963229E-004   1.9059789199955700E-003   2.2608040584752020E-003   112.28643602646230     
      356001  0.18133722845237688      -0.43723424568506319        1.7388954996838755E-004   2.0126382191235550E-003   2.1865277690919427E-003   55.028338498954660     
      357001  0.52410437196836279       -1.5366606456908203        4.0310199016501201E-005   2.2202328428029289E-003   2.2605430418194301E-003   12.756392070964115     
      358001  -5.6777713285298417E-002 -0.20031347460629959        5.3379325446264504E-004   1.9428650572072244E-003   2.4766583116698692E-003   168.92191566640494     
      359001  0.19476601387824191       -3.7503206146351470E-002   3.8804743127464461E-004   2.0180801988849912E-003   2.4061276301596359E-003   122.79981980350740     
      360001  0.86336496136713881      -0.28350379580333784        1.9725895570176020E-005   1.7605553423489515E-003   1.7802812379191274E-003   6.2423720046892575     
      361001  0.77777567740309017      -0.47368671592765221        4.3780949447242097E-005   1.8105141802333734E-003   1.8542951296806156E-003   13.854730812900730     
      362001   1.3499822554240835      -0.22516434690911846        4.6566744086981945E-005   1.9811078434926613E-003   2.0276745875796431E-003   14.736311393516681     
      363001 -0.23552842343414207      -0.91058319758774331        1.5632832817360565E-004   2.0549206613217517E-003   2.2112489894953575E-003   49.470989839681231     
      364001 -0.70543703309439332        1.7744219501059530        1.2123665364754834E-004   2.2105029259251031E-003   2.3317395795726514E-003   38.366029566530365     
      365001 -0.56420139029738825      -0.49707024503712216        2.8363508779867308E-004   1.8851766634857079E-003   2.1688117512843812E-003   89.757939015907368     
      366001  0.88570761671187281       0.10944675255054888        1.3081193326621762E-003   1.7648675107878259E-003   3.0729868434500023E-003   413.96181339158824     
      367001  0.80334916118813038       -2.1214823359902075        1.0114129409044673E-003   2.6148854208335251E-003   3.6262983617379924E-003   320.06738578846381     
      368001  0.60023125360767748      -0.17468526365426160        9.0838005731110495E-004   1.7606682601900719E-003   2.6690483175011766E-003   287.46204293761582     
      369001  0.67065659459192051        1.7339525640357423        1.0472768207399135E-003   2.2925019713655498E-003   3.3397787921054635E-003   331.41671482997060     
      370001  0.68997572843695332      -0.76391519073395830        1.5316709700299441E-003   1.8617536167909753E-003   3.3934245868209195E-003   484.70600230521472     
      371001 -0.89690682463671834        9.7806517918743494E-002   1.4174820941314800E-003   1.7079354067019202E-003   3.1254175008334001E-003   448.57028214895377     
      372001  0.79418334926780587       0.42062501228199722        1.2365084584657975E-003   1.7096742793801076E-003   2.9461827378459053E-003   391.30014438272156     
      373001  -1.1092111465762255       0.67444672922918603        7.0884306836034887E-005   1.8369004280249391E-003   1.9077847348609740E-003   22.431742629423194     
      374001 -0.55771593834774658      -0.26981954351535653        4.7731325192136973E-005   1.8541250061034557E-003   1.9018563312955927E-003   15.104849717272238     
      375001 -0.70851806440073239       -1.3399622531713125        1.9172104385300142E-004   1.9298107949159010E-003   2.1215318387689023E-003   60.671216300426671     
      376001 -0.97600773548781317      -0.97423298460391450        6.8608981352386424E-004   1.8522349129528961E-003   2.5383247264767605E-003   217.11702920698502     
      377001  0.92242666804388607        1.0824179672456742        3.4913104464409829E-004   1.9412450455715698E-003   2.2903760902156681E-003   110.48450760072573     
      378001 -0.76576501385605278       -2.0703007599644541        2.0540449138283187E-004   2.6777958387860694E-003   2.8832003301689012E-003   65.001421207168235     
      379001 -0.94954302077496533       0.42953773211208507        1.0588774101023832E-003   1.7455504824294363E-003   2.8044278925318192E-003   335.08778740645039     
      380001  0.47882332535322958       -1.1058957635491884        1.1611443165098050E-006   2.2384365853389816E-003   2.2395977296554913E-003  0.36745073241408077     
      381001  0.15617763747073019        1.4973445183398353        1.7456129731992454E-004   2.4819813904665504E-003   2.6565426877864749E-003   55.240916774376466     
      382001 -0.73420124526823360        1.7017600580270951        7.2701440835798401E-005   2.2329587491119129E-003   2.3056601899477114E-003   23.006785033380904     
      383001   1.2809100153046991      -0.53283179050845053        1.6198149735004998E-004   1.9492479493394780E-003   2.1112294466895279E-003   51.259967423956937     
      384001  0.74603011776269557      -0.50602258079789841        2.3318440856068292E-004   1.8902344570678768E-003   2.1234188656285599E-003   73.792534222376005     
      385001  0.50911083562696813       -1.4212348945963080        1.5609125181199432E-004   2.2614623520130247E-003   2.4175536038250189E-003   49.395965674748830     
      386001  0.86322942232822786       -8.4017386836543778E-002   5.5883045295716425E-004   1.8375650036221824E-003   2.3963954565793468E-003   176.84507973274702     
      387001   2.5781064579336536E-002   1.1458949184411282        2.7998458514327573E-004   2.2399130412047927E-003   2.5198976263480686E-003   88.602716658675106     
      388001 -0.59468622694398399       0.87213148791965500        3.2599438284138752E-004   1.9492293640737300E-003   2.2752237469151173E-003   103.16277919527032     
      389001 -0.13482082199130702      -0.60629452366618153        6.3064371260198492E-005   2.1676678192218230E-003   2.2307321904820217E-003   19.957079476948689     
      390001   9.7562704750961918E-002  0.78464837987915326        3.3173027431214122E-004   2.1665594688590690E-003   2.4982897431712102E-003   104.97793472073624     
      391001  -6.5686240583763905E-002  0.51173861850004154        1.0634771318919618E-004   2.1493891930808163E-003   2.2557369062700125E-003   33.654339556510031     
      392001   1.4625707980380214      -0.21828967391296361        4.3130922708904191E-004   2.0775538238368908E-003   2.5088630509259328E-003   136.49026149238463     
      393001  -1.1267541409553468       0.91361336788747682        4.9405445715868565E-004   2.0545234953079552E-003   2.5485779524666409E-003   156.34634692187046     
      394001 -0.11432515881754336        1.0223747930002578        7.7772378524877092E-005   2.2529428460226044E-003   2.3307152245474814E-003   24.611512147301543     
      395001 -0.42137090880478900       0.38578276298572667        4.1284732214335890E-004   2.1200519250555612E-003   2.5328992471989201E-003   130.64788652004583     
      396001   1.2497191243708414       0.19488053602811600        2.8435590646276013E-004   1.7930698308035614E-003   2.0774257372663217E-003   89.986046187677942     
      397001   1.0448395654381974E-003 -0.43683703470341945        3.1381422269097795E-004   2.0035410869190156E-003   2.3173553096099936E-003   99.308298141923146     
      398001  0.52655421869809838      -0.16824061972067850        2.9506018888226084E-004   1.7943407270383312E-003   2.0894009159205919E-003   93.373477327017710     
      399001  0.99362308827324675       0.35565509798458989        2.6888592140173780E-004   1.6336508728142635E-003   1.9025367942160014E-003   85.090481303724474     
      400001  0.46273690245752030        1.0060299892637071E-003   9.0249216625241097E-005   1.8735510192913109E-003   1.9638002359165518E-003   28.559878627681201     
      401001   1.0602065648933221       0.23038282424977891        6.2035360652147251E-004   1.6322291542095772E-003   2.2525827607310497E-003   196.31443209161733     
      402001  0.68014599590393987      -0.82627481498264765        1.1674838364507017E-004   1.9238739495728999E-003   2.0406223332179699E-003   36.945690960697107     
      403001   1.0327027259070496       0.22613325878102708        8.8634960876321020E-005   1.6475184606685542E-003   1.7361534215448752E-003   28.049038201723420     
      404001  0.50051140315475762       0.60653395163912893        2.7540291755935066E-004   1.9630641839271431E-003   2.2384671014864937E-003   87.152821856234411     
      405001  0.58902402367211559        6.5420027767832442E-002   5.2900562503930323E-004   1.7685881359613912E-003   2.2975937610006944E-003   167.40684306679731     
      406001 -0.43658870614675560      -0.12737193233569599        7.6742765981842212E-004   1.9636971163576413E-003   2.7311247761760632E-003   242.85685393760613     
      407001  0.97280434018026685        1.1886381485640138        1.6556072623387597E-004   2.0408126683649362E-003   2.2063733945988121E-003   52.392634790226033     
      408001   1.1780704810647840       0.70196975342092449        4.0780224060195269E-005   2.0282618371966518E-003   2.0690420612568469E-003   12.905134173132332     
      409001   1.2017883354487613       -7.8502733369754510E-002   1.0996138871890709E-004   1.8315845397505273E-003   1.9415459284694344E-003   34.797907760064945     
      410001  0.94805904428979093      -0.78806430974925568        5.2411921060038213E-005   1.8980792452715225E-003   1.9504911663315607E-003   16.586050938636618     
      411001  0.49316158886115924       0.58279111347614521        3.9065050761596140E-006   2.0193981263250454E-003   2.0233046314012048E-003   1.2362357813789060     
      412001  0.97983459853241617      -0.79174683489234388        1.3346666315368145E-005   1.9720442842854229E-003   1.9853909506007913E-003   4.2236285732420003     
      413001  0.97335800691811247        1.8200547470712714        2.4716115558405554E-004   2.1590801647607015E-003   2.4062413203447572E-003   78.215555424375935     
      414001   7.3785015907539483E-002  0.27013743516655797        7.3458634586501313E-004   2.0746875929380723E-003   2.8092739388030853E-003   232.46403308490292     
      415001  -3.8027627835294196E-002   1.9991287101649757        2.3592759280956674E-004   3.0642886897487291E-003   3.3002162825582957E-003   74.660630502112326     
      416001  -1.4502379794310185       -1.4786105041935349        6.8506106560254070E-004   2.5343743360979839E-003   3.2194354017005245E-003   216.79147606790923     
      417001  0.85355538355403748       0.38027711539289433        2.9573352659946250E-004   1.7663792184512616E-003   2.0621127450507243E-003   93.586558882712239     
      418001  0.43002161798584759      -0.17062012056508330        2.2513574615832057E-004   1.9764211373678123E-003   2.2015568835261328E-003   71.245489162902771     
      419001  0.73272410116073972        1.0769137276068950        1.9580048609101614E-004   2.1657793859835421E-003   2.3615798720745583E-003   61.962179031661627     
      420001   1.5339742225673048      -0.42074601052510435        1.3943150090208839E-004   2.3804460603128164E-003   2.5198775612149046E-003   44.123892611443793     
      421001 -0.96717539930543261        1.0290128919641333        9.2983363107182045E-006   2.1330694669696531E-003   2.1423678032803711E-003   2.9425114854592618     
      422001  -1.3822800899775243      -0.21022263257001680        3.1047342284448827E-005   2.0894641803387830E-003   2.1205115226232319E-003   9.8251083002523956     
      423001  -2.2311914258465914E-002  -8.6253459930059354E-002   2.0294002085258160E-004   2.0517696208647148E-003   2.2547096417172966E-003   64.221525471145199     
      424001   1.3279634489100880      -0.62651956829258937        6.3626418465773172E-005   2.0797535754611012E-003   2.1433799939268743E-003   20.134942516368696     
      425001  0.57122260470574315       0.55814475092550997        2.1131548448374908E-004   2.0046837298450908E-003   2.2159992143288400E-003   66.871988640814436     
      426001 -0.63335610332906689      -0.46955094460715474        1.2129079953450060E-004   2.0003554416234840E-003   2.1216462411579847E-003   38.383164340851636     
      427001 -0.75791067156595415       0.66896270886795151        1.8716497274986188E-005   1.8644822401812345E-003   1.8831987374562206E-003   5.9229421650118779     
      428001  0.92756648551991427        1.9096699856746800E-002   1.9515455208474411E-004   1.9159990710397082E-003   2.1111536231244524E-003   61.757769536372322     
      429001 -0.87570507344692650      -0.37262185212956350        5.1935609749803874E-005   1.9533315901725749E-003   2.0052671999223788E-003   16.435319511617450     
      430001  -1.1388173092198339       0.43461082075726093        1.8970150539474157E-004   1.9139434277434541E-003   2.1036449331381956E-003   60.032121852755814     
      431001 -0.26616041706601218      -0.96293393891180723        1.4853855446301275E-004   2.1509291079031163E-003   2.2994676623661293E-003   47.005871581254013     
      432001 -0.62993679740708730      -0.54887944553866930        7.4175519798672736E-004   2.0489423327090042E-003   2.7906975306957317E-003   234.73265716998657     
      433001   1.2167237624219935      -0.96076284312106019        5.6923695735255594E-004   2.0735985614860996E-003   2.6428355188386557E-003   180.13827732032246     
      434001 -0.25064555130051497        5.4414013083348436E-002   6.1654157558429959E-004   2.1233502253574107E-003   2.7398918009417100E-003   195.10809318961100     
      435001 -0.47285041957353796      -0.41789486147566629        6.9326403548492920E-004   2.0154911679085611E-003   2.7087552033934902E-003   219.38735260831587     
      436001  0.30525592592469813       0.55155786225065140        2.9177672565775811E-004   2.2061602806169719E-003   2.4979370062747299E-003   92.334406688214784     
      437001   1.3036257809405492       0.58434211728585916        7.1024837057905162E-004   2.0368450251012794E-003   2.7470933956803309E-003   224.76214218542933     
      438001 -0.60855509767261506      -0.47206299018541303        7.3836966312348430E-004   2.0510349954929279E-003   2.7894046586164119E-003   233.66128537974146     
      439001 -0.78915810745421500      -0.62901517721921441        3.3526362058027432E-004   1.8831772227310593E-003   2.2184408433113334E-003   106.09608227193868     
      440001  0.89204261149620334       0.20959548895220012        2.1636357966380241E-004   1.8361279903890010E-003   2.0524915700528032E-003   68.469487112651393     
      441001 -0.56426564631249820      -0.70667743439713371        2.2083641117267246E-004   2.0950726049558093E-003   2.3159090161284819E-003   69.884940119250331     
      442001  -1.3091095836526416       0.41372538373971895        4.4926816163071078E-004   2.0637907288661907E-003   2.5130588904969014E-003   142.17346861563720     
      443001  0.58047984863931412        1.3426339163153640        5.0190440669459526E-005   2.1342715853004675E-003   2.1844620259699270E-003   15.883050816295869     
      444001   1.2393924437179356      -0.41255448793499955        7.2423227925154376E-004   2.0827373912304156E-003   2.8069696704819593E-003   229.18742973208330     
      445001 -0.28652507039872227      -0.40428641626978445        2.2617402298327359E-005   2.1210807984224844E-003   2.1436982007208118E-003   7.1574057777805287     
      446001 -0.49070038869597227       -1.0153845242438500        1.8375524435923992E-004   2.2049026702145825E-003   2.3886579145738223E-003   58.150393680337082     
      447001  0.76818430358269374       0.37163909949867768        2.7549151028472994E-004   1.8513172531157808E-003   2.1268087634005108E-003   87.180857528772535     
      448001   1.4797634862758164      -0.52160840969752575        5.8016339253738086E-005   2.1972459530783307E-003   2.2552622923320688E-003   18.359600996755020     
      449001   5.0094815507187085E-002   1.5678980126750524        2.0970948617258492E-004   2.5568743053548358E-003   2.7665837915274208E-003   66.363761328065863     
      450001  0.98653018643604662      -0.69697352219772568        1.4127207386574841E-004   2.0186576945035993E-003   2.1599297683693479E-003   44.706352409026344     
      451001  0.97092280543034037       -1.9607749510172900        1.2779800603990307E-004   2.3263380879627355E-003   2.4541360940026386E-003   40.442406902161295     
      452001  0.44104449202303170       -4.4443511649741654E-002   2.7606461100039689E-004   2.0868477023789434E-003   2.3629123133793403E-003   87.362218514418004     
      453001   1.0852369835380391        1.2199446466456594        1.4806498427740323E-004   2.1466666553325783E-003   2.2947316396099817E-003   46.856007598734820     
      454001  0.54832552138412638       0.61749558021639916        1.2249765518147554E-004   2.1005909226840909E-003   2.2230885778655664E-003   38.765080684146469     
      455001  0.51805549418329555       0.23886843245509473        1.0089773114476568E-003   2.0440389410606853E-003   3.0530162525083419E-003   319.29661697439900     
      456001 -0.50089443003043499       -1.2933371397139704        2.0613577507725645E-003   2.1704663148062694E-003   4.2318240655788344E-003   652.32840097394114     
      457001  -1.2890385483481672      -0.28827146531303605        1.0306332851792112E-003   1.9899096499341557E-003   3.0205429351133671E-003   326.14977320627776     
      458001   1.0101142308494246       0.84948057870021232        1.3893786014625702E-003   2.0664838802532484E-003   3.4558624817158188E-003   439.67677182663243     
      459001  0.37579239111199791       -2.0505641031042732        4.1467444593398786E-005   3.0792611506190622E-003   3.1207285952124610E-003   13.122609025022109     
      460001 -0.77124405943649399       -1.4207405002153752        9.5217466324391559E-004   2.2380307189363525E-003   3.1902053821802681E-003   301.32109542315709     
      461001  0.63847242439981178       -1.7027427974260911        7.2631452619009644E-005   2.4605569109797331E-003   2.5331883635987427E-003   22.984636863550744     
      462001  0.59193921910568970      -0.40975210620036984        2.1473812202377906E-005   2.0099263142191394E-003   2.0314001264215174E-003   6.7955101784452099     
      463001  0.75357396254962261        8.8981570281589595E-002   1.0442503676056163E-004   1.9300795695511258E-003   2.0345046063116874E-003   33.045897649804893     
      464001  0.57129108796394834      -0.42719518284177677        4.1912869974574486E-004   2.0360858396885131E-003   2.4552145394342579E-003   132.63566423875685     
      465001 -0.68633786777476147       0.78827736921034763        6.4932718261379420E-004   1.9485150329810589E-003   2.5978422155948531E-003   205.48328526895517     
      466001  0.32339789714072009       -1.1015120493460127        1.1312441837421770E-004   2.5021437396925521E-003   2.6152681580667698E-003   35.798866509951331     
      467001  0.93675413036652944       0.42058381966873226        1.6838322573234249E-004   1.9197879526186765E-003   2.0881711783510191E-003   53.285830832443530     
      468001  0.18235827804865470       -1.8821200649519882        3.7655736546777912E-005   2.7662237917743656E-003   2.8038795283211434E-003   11.916372303570046     
      469001   1.0935909989311043      -0.87337313263449912        1.3201891496727696E-004   2.1152414247855439E-003   2.2472603397528210E-003   41.778137572986630     
      470001 -0.58143263352696284       0.84531269029676515        2.5172408237330413E-004   2.0273690749013388E-003   2.2790931572746428E-003   79.659519595600528     
      471001 -0.26813009994977566       0.61714033107394251        2.0665078745653120E-004   2.2656651927440126E-003   2.4723159802005437E-003   65.395818698138299     
      472001  -1.0730406485180797        1.1637606838282888        1.2774352823368413E-004   2.1216102467693861E-003   2.2493537750030703E-003   40.425167090097595     
      473001 -0.96734595655419120        1.4364818587180483        1.6260751890571221E-004   2.2051458447143110E-003   2.3677533636200232E-003   51.458075510836714     
      474001  -1.1880526751596392        1.0071530527386552        5.7995706755269746E-004   2.1487068458466464E-003   2.7286639133993441E-003   183.53071725099528     
      475001  -1.1716254700507711        1.8581779093205109        7.7190658419500936E-004   2.4152917840601692E-003   3.1871983682551785E-003   244.27423506689692     
      476001  0.84026917645780697       -1.0124874784219111        9.0101580321957355E-004   2.1828391951905163E-003   3.0838549984100899E-003   285.13158278624519     
      477001 -0.20888137496116571       -2.1746195272594968        3.4446049547857521E-004   3.3357425072247883E-003   3.6802030027033635E-003   109.00648571555128     
      478001 -0.15584120649405844       0.42266582408751879        1.3624078680096226E-004   2.2104147268149775E-003   2.3466555136159397E-003   43.114172960998573     
      479001  0.95943024754352224        1.8239993250657260        2.1717005372620259E-004   2.4069503212785430E-003   2.6241203750047458E-003   68.724700423080066     
      480001  -1.1895385861486103        1.9970817975323198        1.0311622384834037E-004   2.5828839798923090E-003   2.6860002037406494E-003   32.631716349211459     
      481001  0.89161958270605146       0.32541667835729055        4.7471159775910963E-004   1.9505305182997807E-003   2.4252421160588901E-003   150.22518889500191     
      482001  -1.3267675251180080       -1.9245719750855934        2.1176323431427427E-004   2.6519114916734431E-003   2.8636747259877175E-003   67.013681624903867     
      483001 -0.98751948021489677        7.5455209546671759E-002   6.0576115770413091E-004   1.7732773934989127E-003   2.3790385512030437E-003   191.69656855010305     
      484001 -0.47257071312975751      -0.79864517436410221        5.7207914201886247E-005   2.1918321760038117E-003   2.2490400902056978E-003   18.103770284602245     
      485001   1.3487004084447745        1.2913149457262050        8.7292744422849255E-004   2.3137938933777825E-003   3.1867213376062750E-003   276.24286160246874     
      486001  -1.3300887306232705       -1.1868593337286044        8.0358444648206289E-004   2.2579571202042568E-003   3.0615415666863195E-003   254.29887501318558     
      487001  0.84133712121226034      -0.26775436244715473        3.1589502790862383E-004   2.0477350324520829E-003   2.3636300603607067E-003   99.966780804554816     
      488001 -0.19862965779486511       -1.1201902635936729        3.5761917499188567E-004   2.3304647433262165E-003   2.6880839183181021E-003   113.17062479457786     
      489001 -0.97560793336863116      -0.35721840122104814        1.8890923562112823E-004   1.9586979723104059E-003   2.1476072079315341E-003   59.781403570416188     
      490001   1.3263105743595891      -0.70086194550786707        4.9035675858321724E-004   2.1974427025935467E-003   2.6877994611767637E-003   155.17618914692096     
      491001  0.70113420952740535      -0.33117722762603202        5.8798111368641253E-005   2.1223435919145877E-003   2.1811417032832291E-003   18.606997235204979     
      492001  0.77927996938071542       0.80824867991089355        1.8138832647611099E-005   2.0960694590651599E-003   2.1142082917127709E-003   5.7401369035119894     
      493001  0.44246949607021391      -0.52307539766799627        1.8165408924985829E-005   2.1580290147012759E-003   2.1761944236262619E-003   5.7485471178560061     
      494001  0.78298312185383678       -1.1622160452479164        2.2978147804063534E-004   2.2119443241310267E-003   2.4417258021716621E-003   72.715657477455764     
      495001  0.96704612844220994       0.38988041851828542        3.2096677377024981E-004   1.9949170955818269E-003   2.3158838693520768E-003   101.57176366928111     
      496001  0.70854594211297661       -1.0219095532822416E-002   2.2932883090017603E-004   2.0212744870255562E-003   2.2506033179257321E-003   72.572414711744386     
      497001  0.26752982569035821      -0.56423037257540209        5.8304252350155383E-004   2.1295442535168396E-003   2.7125867770183935E-003   184.50712735964268     
      498001  0.74776335338882738      -0.94023372300366159        2.6434680987737273E-004   2.1451076419296985E-003   2.4094544518070710E-003   83.654053608715344     
      499001  0.38780435382999939        4.6502626564357545E-002   1.9627969405023530E-004   2.1380885301420655E-003   2.3343682241923009E-003   62.113827119750297     
