           1  0.97241966241523237       -1.0015591939008390       -1.3412469341347828E-008  -8.0046911432337796E-009
        1001 -0.41385246761270456       0.22645128886407331       -2.7590370345016054E-008   1.8069251461953792E-008
        2001  -1.0769410214146462        1.2774711974580120        1.7499200160821571E-008  -1.8008399797689969E-008
        3001 -0.73201624068232030       0.42161883031665776       -2.2865468727961784E-008  -1.0003386931579623E-008
        4001 -0.76861188217033027      -0.45591044464073094        5.5840646895800485E-010  -1.4905839900119916E-008
        5001  -1.1293151792670357      -0.99627986834875126        2.2109500756339803E-008  -2.7908940805857366E-009
        6001  -1.2570532096404163       0.19581643986985547        3.7900708624344951E-008  -4.7253593511479113E-009
        7001 -0.87848276728709518       0.86847729330241397        4.5824917229625277E-009  -1.6697027066448189E-008
        8001 -0.59337122646930862       0.56197103302600049        1.5479853217133814E-009  -1.9748744532967419E-008
        9001 -0.73304183483519492       0.37240868853878473       -1.3296491906103929E-009   6.4629164042134971E-009
       10001 -0.92218874976439957      -0.83987420273383839       -1.4245300890075941E-008  -1.6443288761980564E-009
       11001  -1.1750640585994676       0.53116982243787314        2.9228275137054388E-008  -4.8316296347961286E-010
       12001 -0.87216005326098123      -0.73248787205797827        2.5868893499505319E-009   3.1728736184017779E-009
       13001  -1.0184344253837656      -0.93626055926652396        1.5692137739275024E-008   8.0935851238646277E-010
       14001  -1.3800412051092417       0.70507978797579574        3.6068156660406991E-008  -1.8206954729933712E-009
       15001 -0.63654393900962825       -2.0582816179094830E-002   4.7891487779386664E-009  -1.5164062756723018E-008
       16001  -1.1011042804726292       0.53374631720857291        1.8984975098172339E-008   1.6369905862495256E-008
       17001  0.42745876753252127      -0.34663828379217454        1.4610156500761929E-009   4.6193529153390146E-009
       18001  -1.2472706645368827      -0.40574185467775348        2.6014345652012496E-008  -1.2322865471475764E-008
       19001 -0.96697659428915061      -0.32441611688843719        1.0386065609502309E-009   1.2742630103596778E-008
       20001  -1.0241673423660640      -0.11602074263623847        2.5833253522316430E-008   1.4607853456865667E-008
       21001 -0.78249563385628462      -0.15267011395992974       -6.2581217361243997E-009  -9.3564556695483243E-009
       22001  -1.2963844623030905       0.29206929196362197       -5.2916516683711248E-009   1.1263900427445673E-008
       23001 -0.25541813568752525       0.88194200399201383       -9.7503591948839938E-009   5.5054756879655823E-009
       24001 -0.82692354470659868      -0.81284082222038656        5.7171197504111668E-009   5.8862206014143628E-009
       25001  -1.0133026979724902        1.2846414555398238       -5.1909159748735978E-009  -5.6981034519931875E-009
       26001 -0.80892472260821802       0.71645297886719939       -2.8315514853105031E-010  -4.3574067999486689E-009
       27001   1.4035984882813017       0.19177224801075463       -5.2392729893422197E-008  -3.5190326114697178E-009
       28001 -0.34812890226471849      -0.66835129511918778       -1.0244411782032040E-008  -1.0144515750576986E-008
       29001   1.2942112239037178      -0.24288294323544368       -4.7690723145405932E-008  -9.9806153633059090E-009
       30001   1.0743392558965008        2.2452798015410131E-002   1.5392565496177407E-009  -3.9825399573094367E-009
       31001 -0.40835027071833485      -0.41249185930125759       -2.1035672408453447E-008   1.3803125289314903E-008
       32001   1.0856510204527117        1.0031952708386369       -2.0531023547361056E-008  -2.0847674955558975E-008
       33001  0.63825340550172671      -0.19746039093753190        1.3017136696916096E-008   1.5181009952412652E-008
       34001   1.0741228067459390       0.50825980926783654       -1.5257564201434415E-009  -4.6413265748158839E-009
       35001  0.85358586742226239       0.51803786793045015        8.8075758055728686E-009  -2.9715213613701735E-010
       36001   1.1863651194963711       0.80979135549264181        1.8292623721264929E-009  -2.1993247009162126E-009
       37001  0.83838622966060172      -0.56555103503006221       -5.5713924576337671E-009  -1.0306659822281936E-008
       38001   1.0545795553593205       0.59586526972206100        7.7480961189099710E-009  -1.3181118833560261E-008
       39001  0.88760486715099962      -0.66270756714701784        1.8539117187782903E-009   5.4656617762332445E-011
       40001 -0.83193676079695333       0.42622683392938188       -5.5673416142632341E-009  -2.6396233553067581E-009
       41001  0.24935903717990537      -0.38330518906379962        1.7061740719161231E-008   1.4670066287181033E-008
       42001 -0.21745551584676309      -0.84170071221031795       -6.4226776097287579E-009   2.2079116992148474E-008
       43001 -0.80353104392498031        1.5513230208376871       -2.5013240288882033E-008   1.5599222917650088E-009
       44001 -0.27642351493685019       0.61786330577595172        2.3526898982876572E-009  -1.4756008344120215E-008
       45001   1.1559984222567692      -0.51412147926429896        2.4004806639334564E-009  -3.7809868095189769E-009
       46001  0.87422485819357032        8.9597008062465306E-003  -3.7749106051189753E-009   9.2505555955255801E-009
       47001  0.42661664886635020        9.5855174078902372E-002   2.5167602990813967E-008   1.5245627314299800E-008
       48001   1.2631241737123104       0.44314583867734070        6.1294551521779427E-009  -1.9283412674484802E-008
       49001  0.95051422413189668      -0.24293227096209660        7.4880274457807389E-009  -7.9720972336746920E-010
       50001  0.90350825885781261        1.2830470260728430        2.0847992207660097E-009   1.2302935167223053E-008
       51001  0.89663103900891572      -0.42163215995373798       -6.7798298744021520E-009   2.0599143825627596E-009
       52001   1.0911366869294434       0.52346308009580322       -2.4712784612820769E-008  -1.1380248178379055E-008
       53001   1.2536319129053910        5.4086478411499023E-002  -1.4073665539385176E-008   2.4856803854258303E-008
       54001   1.2367957947516284        1.1708904487119001       -5.0834596180614051E-009  -9.8175882921034709E-009
       55001  -1.0719595041593728      -0.56466768397889922       -1.9364143028864471E-008  -1.0692219872142331E-009
       56001 -0.45900030363693223      -0.63925080688046299       -1.7792852124358338E-008  -4.6703944020366401E-009
       57001 -0.95418003186774514       -1.5728971254725681        4.7427849596717596E-009   3.1428293114560679E-009
       58001   1.2981652654898719       0.43137735445677089       -5.8350078654710119E-009   4.2478546084348593E-009
       59001   1.0190869241324632       0.20012565816360769       -9.7451266840330150E-009  -6.4966313356286800E-010
       60001  0.78120997445846729       0.38942330445599010       -1.3640514757715601E-008  -6.3886226606529289E-009
       61001   1.0391152981483376      -0.56539299612283089       -2.3251850147974286E-009  -1.0950541410125711E-008
       62001   1.0293559556611134      -0.88305870968550915       -1.2906763234227794E-008  -1.0783365712688883E-008
       63001 -0.66237552248905751       0.41415199520460710        1.2388928908012111E-008  -1.8433206080764608E-008
       64001 -0.43867386010160597        1.0934573855633261       -4.7188024087170963E-009  -1.1132599652147212E-008
       65001 -0.41710151669503764       0.28801762244203649       -2.9886678775848674E-008   1.1900134776423035E-008
       66001  -1.3181161820834233        1.7256957089451241        2.2878561168915266E-008  -2.1916845943618120E-008
       67001  0.95350671871791925      -0.92806402418994938       -1.0074015625827737E-008   4.4217437994072399E-009
       68001   1.2489700249675280       0.60329263266472066       -9.8335441944653718E-009  -1.0477437249627218E-008
       69001  0.80935042387584955      -0.99213776385389119       -9.4907914514218285E-009  -4.3825265969352056E-009
       70001  0.56485377411603999      -0.25493882772574222       -2.1060579027251135E-008   6.8254267546924445E-009
       71001  0.50400528702022596       -4.3122085977356645E-002   1.9737155013122598E-008   9.5149121926775024E-009
       72001  0.66609426725741250       -1.6963434724780041E-002  -1.8568382400620535E-008  -2.1503549510355367E-009
       73001 -0.69218632363732280       0.97674105101818209       -1.6839461335592054E-009  -9.7905689929063734E-009
       74001   1.3082890443818740       -1.6219589894855828       -1.6407152099743104E-008   9.1902232435236166E-009
       75001  -1.1889362978932636      -0.10493942283746893        7.9463610875765179E-009   3.3963786912540864E-008
       76001  -1.1073619309315974        1.1583675013273191       -1.5111670926334062E-008   2.8132340010748454E-009
       77001  0.69544289996909059        1.1638668977845434        9.1417130390727123E-010   6.0271518868748138E-009
       78001  -1.4544495136503479       0.18104088642291277        4.9576794813994991E-008  -2.0228218176741823E-008
       79001 -0.64179535549267608       0.69259707549438532       -2.5746279655273046E-009  -1.2983705531362958E-008
       80001 -0.72869046237155266      -0.75244283819267432       -1.6461297768033642E-008  -1.8822571221724524E-008
       81001  0.27772126808699338        1.1887435641405193        1.3274708224788369E-009   6.5133976028712088E-009
       82001  -1.2504563879486552      -0.14571098066366778       -9.3742910712730085E-009   2.0312233172724257E-008
       83001  0.88979234345552660       0.53263080352368108       -1.9315352819024958E-009  -1.1275510655881236E-008
       84001  0.18713445537847009      -0.23004815314122126       -2.1084521739457794E-009   1.7813180105953545E-008
       85001  0.81764510569697213       0.99346729149763113        4.7391077015758402E-009  -9.5722332813284552E-009
       86001   1.2594509930169522        5.7188550593874517E-002   1.9637863516407819E-010  -1.8300167077373633E-008
       87001 -0.68075343441487524       0.34757479697742671       -1.6651735992947879E-008   3.8953414123517586E-009
       88001 -0.49693005714069394        1.7269787210405639E-002   7.7643332831430811E-009  -1.1427297872589982E-008
       89001  0.64234120846633458        1.0460929736753724        1.0265065466321466E-008  -2.1746744513557105E-008
       90001  0.33072325161023419      -0.36023534912531302       -4.8547099306791872E-009  -1.2485366200470985E-008
       91001   1.2656535522179471       0.99870744476632733        2.8906816894088149E-009   2.0896212189302550E-009
       92001  -1.0893548006773559      -0.47492993097867031       -8.5414075577689633E-009  -5.2272944146986974E-009
       93001 -0.45665386710441608      -0.70119471911428666       -2.0777196923611950E-008   2.4989387685539191E-008
       94001  0.86278607604390456       -1.1486685634433491        1.7191610738517486E-008   6.5652075680005010E-009
       95001  0.97805458835012782        1.5943850814231735        4.3994118876919024E-009  -1.0611326952208431E-009
       96001  0.71321941740172945       -1.0899520051427201       -7.0069714334437554E-009   1.5618386880937914E-008
       97001  0.89591031891158579      -0.57782563472703707        2.4253682195226715E-009   1.6655502234969723E-008
       98001  0.15368893990849622      -0.13265239109417168       -2.3776268386809126E-009  -2.7240923612585760E-009
       99001  0.82583516671103396      -0.82799290877441911        1.6731855212054663E-008   4.9237242373624584E-009
      100001   1.0887556063603261       0.63333740560961549       -1.4293754635970877E-008  -1.0570744732764686E-008
      101001  0.72929787303596116        1.0773945180631515        8.8572980142530782E-009  -1.7668834757580975E-008
      102001   1.1403378607140469      -0.57888132886755406       -1.1267232661158420E-008   1.1484042083841274E-008
      103001   1.2709523140498920       0.88967343544868471       -7.2267843328250792E-009   1.7703063143089957E-008
      104001   1.3220545717593084      -0.46725344908385574       -1.6562098521835755E-008   1.0649211528383124E-008
      105001  0.53909070432753781      -0.71699528692556869       -3.2638409323778543E-009  -1.7092435019737768E-008
      106001  0.92466369768051582       -4.8012306191036157E-002   2.3903522794604875E-009  -4.4237489720729786E-009
      107001   1.1365465354958917        1.4261936956058505       -7.4149929094932243E-009   1.6006914383189961E-008
      108001 -0.24754761356094312        1.5931117084860813       -1.1294529876072001E-008  -1.8117063773132320E-008
      109001 -0.17972685696555521      -0.23193842289350611        2.4198473971355964E-009  -1.0371154233622500E-008
      110001 -0.18843811870426097       0.35293254080261099        8.3809809431887736E-009  -7.3367100366155162E-009
      111001  -1.3519920539016952       -1.0729471493818032        2.9985849343558909E-008   8.2833088352206040E-009
      112001  -8.7509146461870677E-002  -1.5468660140402317       -1.1497963558793948E-008   9.4374269422893301E-009
      113001  0.83725088687526639        1.4320177604848889       -1.3841753148681288E-008  -1.6158884782762008E-008
      114001  -1.3002176850036471       0.47925818565272027        1.2366307470342928E-008   2.8617753882580796E-010
      115001  0.32854228591200790       -7.3443104041795271E-002   1.5615549932620631E-008  -8.5359244563716691E-009
      116001 -0.40817103895098761      -0.55674963861654914       -4.6930734052798108E-009   1.5924803150810221E-008
      117001   1.0830964187782512       0.35500686256940006       -6.2697838685990947E-009  -1.0420073253643874E-008
      118001  0.65365285906099324      -0.67161633041418756        6.1487226601268466E-009  -6.9191585807422087E-009
      119001  0.77764687935533694       0.25004785551682351       -1.9902027706946113E-008   2.4925858682347447E-008
      120001  0.68417448387212365       0.38352134039861852        2.2838436456973927E-008  -2.6267793915372294E-008
      121001   8.5006881321055008E-002  0.73521587187276294       -2.8153731633670126E-009  -9.1093912897497678E-009
      122001  -1.0125110255378522      -0.66291855183783055        8.7942703640427013E-009   1.0901212750411724E-008
      123001 -0.57218966437422902       0.43887658145583441       -1.0768908740645233E-008  -1.0055357583196471E-008
      124001  -1.1320049486813888        1.1011946876562329        1.3657928625991349E-008  -1.6585713335072838E-008
      125001  -1.2918113961971249       0.78554644373232574        1.7601865926053075E-008   6.9369426365963656E-009
      126001 -0.80972559849475245        1.0525922241514043        4.7282206660429962E-009  -5.4893328208221880E-009
      127001 -0.36111303081831286      -0.31062575736943437       -7.1188925707743102E-010   2.9503725774766524E-009
      128001  -2.1405814574529881E-002  0.18096247281771771        1.7210545410042510E-008  -1.4770412717298987E-009
      129001  -1.2684296059847504      -0.26360328825256141        1.9188383919101676E-008  -8.8982730512416608E-009
      130001  -9.2945514363070355E-003  0.96131209754931568        4.7198130045109188E-009  -4.1340265055063976E-009
      131001  0.43936391437396505        1.1644708573887093        5.7969173460816275E-010   4.7404132189969993E-009
      132001 -0.98855405348838743       -1.5259458729208044       -2.2362708606988415E-008  -1.3646435660532948E-009
      133001 -0.50654773905408579        1.0119649614863191        5.8277141111739883E-009  -1.8001514901985577E-009
      134001  -1.0434381852337353      -0.81712937114471684       -2.2182682553254666E-008   8.9848399146771480E-009
      135001 -0.82435002287222015      -0.47288822227047628       -3.0863500279889516E-009   9.0541015478607220E-009
      136001  -1.1556276725003851      -0.93330742764624142       -4.1668469775333314E-009   1.1611607656473122E-008
      137001  -1.3481579231073662       0.78791744287294196        5.7698816165293426E-009   1.4075818546023580E-008
      138001   1.2866652090126616      -0.89507631027169632       -2.0847199972119423E-008  -1.6834691205058334E-008
      139001  0.19421740907729804      -0.32649259350657489        1.5185827162204161E-008  -2.7481770754105188E-009
      140001   1.0444024707435364      -0.46800088312442206        2.1048235052670168E-009   1.8995394715077015E-008
      141001   1.1833220340244013       0.34467104493306555        1.4416332388518958E-010   2.4140371904675533E-009
      142001   1.1349330691336748        1.6868645949243133       -1.4364684390150994E-008  -1.0906772545001992E-008
      143001 -0.25949420811403268      -0.97113671490670073        4.3356415208600026E-009  -4.1204855966116250E-009
      144001  -1.0621804386792761        1.4345544535199157       -6.5044401746597971E-009  -1.8749257628380161E-008
      145001 -0.77918610261378607       0.88001821493931931       -1.1001767285113156E-008  -1.7264461654311693E-008
      146001 -0.74739433851497372       0.25405176778597893        6.2073855770951152E-009   1.6190653603178502E-008
      147001 -0.97855703723277954      -0.57175243406384868        1.5304675289323025E-008   5.2040154097123558E-009
      148001 -0.54905321562890885       0.38024068939927874        9.0700111553221485E-009  -2.4802057046060382E-008
      149001  0.50866992366335184       0.64637398068917129        1.2977019427313754E-008   1.3628895188584585E-008
      150001 -0.40485981677007182       0.11452358779657397        6.2188932143584980E-009   9.9106779566827468E-009
      151001   1.3499885224852259      -0.34985323072978186       -2.3697324400711211E-008  -1.2709595020250507E-008
      152001 -0.46592379857346816      -0.41802122725462820       -7.4510984278736490E-009   5.5867966868669795E-009
      153001 -0.90372083471996523       -2.1035181318704752       -1.1351259858041555E-008   2.4785536270036673E-008
      154001  -1.2025891230401826       0.87986711727868605        1.6052634208186961E-008  -1.5821816387385766E-008
      155001  -1.1884049238921930      -0.65727520589736643        2.5016661236056031E-008  -1.4598347145367388E-008
      156001 -0.94746129906584997      -0.83264095009227523       -2.3218219407305521E-008  -1.7527278057104326E-008
      157001   1.4741308211991662      -0.67626960184668083       -4.1697732712452727E-008   1.7062260520433247E-008
      158001  -1.1095714357482513       0.87000301362917742        1.7878073646385185E-008  -1.7883960310992945E-008
      159001  0.43688573999958852       0.72949522138067269        1.5068384150056190E-009  -7.8477329718946472E-009
      160001  0.70658227552799657       0.46252073654460135       -7.1323312819719604E-009   4.7908166819174298E-009
      161001 -0.34764189226299974        1.5494870041253734       -1.2431209177797335E-008  -2.9624542332541269E-008
      162001  -1.6117822910451949      -0.11994951650115411        9.5285252039221805E-008   1.6283466674387639E-008
      163001 -0.23024666069903946      -0.52284391271982888        5.3554985995686525E-009   1.5278244945088953E-008
      164001  -1.0715904270830441       0.94689813175954263       -1.4938107251703949E-008  -2.3367573586731865E-008
      165001  0.80838297078255839        1.6047587590745034       -2.0080155171126257E-009  -8.5206449695591182E-009
      166001 -0.87681495243261953      -0.95412247472686829       -2.8670117360068404E-008  -1.6055898648491464E-008
      167001 -0.23716676161023817      -0.59095354256032073        3.4545412934608522E-009   1.1721633789218720E-008
      168001   1.2436100229878890       0.86929700008597721        6.0755328914559457E-009   3.7494380624033053E-009
      169001   1.2136778538759576        1.3455790159520604        1.5434934552053549E-008  -1.4638382104903266E-008
      170001  0.94347728895522531       0.75063864221881149        4.9449208728778315E-009   2.0913436853435107E-008
      171001  0.87284685692768760       -1.1963847256119173        1.3808740930300503E-008  -2.3215721456097882E-008
      172001 -0.69326766050377520        1.3592037599558737       -2.2474597896871011E-008  -1.1826152121127786E-008
      173001  0.13372162689699371      -0.72525396966403743        9.0877091430221690E-010   7.4753128991819742E-009
      174001  -1.0115828727760450      -0.70611156285616095       -1.9669626794348831E-008  -1.2796813134515801E-008
      175001   1.3635491420527668      -0.85625118685303159       -6.8320698860107657E-009   7.7726567348141982E-009
      176001  0.10962755546319065       0.92000139088546906        3.7037727891796707E-009  -1.0886375598592353E-008
      177001   1.0354503741364403        8.2968813176397091E-004  -9.7012278227108394E-009   7.1269214711905314E-009
      178001   1.1736068928710353       -1.6550330934700821       -2.5739142943945622E-008   9.1293782095107010E-009
      179001   1.0738504807718654       0.36334203742865590       -3.9522110043885801E-009   1.9684427571981004E-009
      180001  -1.0299935261013027        1.1285636127559231        6.0920865937311608E-009   9.1506484801004903E-009
      181001   1.2488605648146396       0.73214915151034854       -9.5565213453496398E-009   9.4376045713741191E-009
      182001 -0.89654048686481236       -1.3794191094880193        1.3462536297676176E-008   2.0133451916685023E-008
      183001  0.86594797612257768       0.93401314560317195        2.3177508090747496E-008  -1.3217098209694778E-008
      184001  -1.2741631756984615       -1.1119520310848636E-002   3.0141835228422443E-009  -1.3045079420005956E-008
      185001  -1.1598970342905803      -0.33374968433617730       -2.9005244442902212E-009   4.4072520216064328E-010
      186001  0.83209389457795846       -1.0185242480553203       -4.6927656184875462E-009   4.2348657658338149E-009
      187001   1.5401335964163947       0.49361414396445258       -7.9561005357427348E-008   1.4665571731992502E-008
      188001  0.85628641555695784       0.75476367325529603       -1.9415097787616951E-008  -9.6438492233959716E-009
      189001 -0.92547954796485565       0.66478324339963957        1.8531649012764734E-008  -1.0830439810982243E-008
      190001   1.4849189253754584       0.87490132648770436       -4.3474920604597915E-008   1.3421792419337803E-009
      191001   3.5373298697238542E-002  0.66701507696525419       -2.2294174029288517E-008  -2.5464357782202398E-009
      192001   1.0819695920617260      -0.39099986762157163       -1.7700386033172201E-009  -1.8378783724758339E-009
      193001  -1.2845274716581141       0.40946879426324662        8.7186789222111614E-009   7.2582878580028793E-009
      194001  0.54800690245196526       0.26470543328424434        2.2915279620365002E-008  -1.6735951554641081E-008
      195001  0.72057535870863676       0.65867648733699335       -7.3536066131905376E-009   7.8933168441798075E-009
      196001 -0.24503365151898912       0.82429570586791145        5.0573696614360455E-009  -6.6079418583461399E-009
      197001   1.0507947158606439      -0.79545215436581163        7.3096028425353126E-009  -8.3138929982177135E-009
      198001 -0.24112370927004348       0.28781574273211236       -1.6328592910156310E-008   5.2561278563223845E-010
      199001  0.55769076991260791       0.69040058657012404        1.7229171240350817E-008  -6.9357310235086627E-009
      200001 -0.50252372637976628      -0.71234081837400365        1.9497504774511207E-010  -3.9628590055618369E-009
      201001 -0.32541515683194333      -0.36240316092387936        4.5637837384295946E-009   4.8637932842316719E-009
      202001 -0.81331564515072619      -0.37076987856812116       -1.4324223583662898E-008   1.3206336033653794E-008
      203001 -0.38075219283099754       0.65619637940318087       -1.7188308611036784E-008   3.1686755945953840E-009
      204001  -1.0002335410126091      -0.27025896297304952        1.9068304997933859E-008   2.4456320810794095E-008
      205001   1.4192583960950018       -1.0259148068273241       -4.5679749786449848E-008   1.1606824558734904E-008
      206001  -1.5209279221982988        1.0151824098677058        5.7616547476549071E-008  -1.4646068991413566E-008
      207001  0.94617835821354856       -1.5801843280634238        2.0004322395998896E-008   3.0229420228162549E-009
      208001  0.74066700576497957      -0.59276977373151973       -1.2518255147662859E-008  -5.3592769999186327E-009
      209001 -0.34499656068370144      -0.29626636336419332       -1.6212903897263311E-008   8.8718187505639694E-009
      210001   1.2173040777065707      -0.98685393394017540       -6.9767830340467562E-009  -1.2576703080844231E-008
      211001  -1.2542091638114259      -0.47094147941279613        2.5813132736358272E-008   1.2324184361589064E-008
      212001 -0.17907591226551453      -0.67226034084458997        8.9483946579226261E-009  -1.4781930827499757E-008
      213001  -1.1065029002554745      -0.65099939779079741        6.3519063671476736E-009   1.6670953336313349E-008
      214001  0.60928222009997579      -0.15758259063383942        1.2346135569690118E-008   2.1107034321550422E-008
      215001 -0.33948571441610992       0.93078123305959604       -6.7749425787125816E-009   1.9839186808325282E-008
      216001 -0.99025646892443164      -0.45247109449576195        7.5650757623667933E-010  -1.2678166794143497E-009
      217001 -0.91175162317302727      -0.37704750814863908       -1.5242477915512075E-009   1.1376380835412654E-008
      218001 -0.82164151838396859      -0.45384400696383326       -1.0745748574612515E-008  -2.2513115545486182E-008
      219001  -1.3287526296024861      -0.90821123759514288        2.1649483184610244E-008   1.3787638910465183E-008
      220001  -1.2544569178226992       0.11023267095129603        7.3629345049332813E-009  -1.5126444846886277E-008
      221001 -0.69324737269856462       -1.6141479237366942       -2.9150483293498565E-008   1.3028487788097790E-008
      222001 -0.63705197776767397       -4.9811708043684802E-002  -9.3680983805123840E-009  -1.6376747514973867E-008
      223001  0.73639634259290998      -0.66768585386839263        2.6665004469381616E-009   1.7907866954014622E-008
      224001   1.1667873188038436      -0.21491983927845146       -8.4446940988066768E-009   1.5433704878401048E-008
      225001  0.66290989048135762      -0.51599411517885341       -3.6998115498755696E-009   2.2647736778818606E-009
      226001  0.14557629125407090      -0.56238415107057360        2.4551759492430008E-008   8.1754060411657689E-009
      227001  0.73539365107760035      -0.98758211509262783       -1.1731902535485374E-008  -5.7159726741654464E-009
      228001  0.94826585879097613       0.82837983600810972       -1.6400322159799530E-008   1.6811544660378247E-009
      229001   1.2064751221766350      -0.55766497238227175       -9.8618265696587655E-010  -1.7562210595803008E-008
      230001  -1.1777550340975775      -0.49349924422818153        1.4531594435836789E-009   6.2796524441316539E-009
      231001  0.14601828921078153       0.52787860354078031       -8.6491624646033310E-009   7.9118520654709939E-009
      232001  -5.2208501061935551E-002  0.14402348231036685        5.5310309500678106E-009  -1.4273158694801002E-008
      233001   1.0472895983448371      -0.39150695187071871       -7.1507719115759136E-009  -1.0153331547893703E-008
      234001   1.0300159996698042      -0.21407655791750330       -2.0184509332093375E-009  -1.5517206461247923E-009
      235001  0.60842013403643103      -0.58894963215754614        1.7575850250448084E-008   9.9742190495084728E-009
      236001  0.98287046217934793      -0.48636583951081797       -1.4778695982874460E-008  -4.7285797323974094E-009
      237001   1.1826119223524862       -1.1602712181051338       -2.0776741649625842E-008  -2.5550600691714253E-008
      238001   1.1811299227693928       0.71917824128825936       -1.3262278474052672E-008   9.9724893085771701E-009
      239001 -0.92836601560561172      -0.38657460283121770        1.3121895661116661E-008   1.0986836818781806E-008
      240001   1.2027750435050153       0.42894514273889622        6.3850265109041777E-009  -4.4382517845976751E-009
      241001   1.2526849111551490       0.92232724371288655        2.0355804588171543E-008  -7.2849243427395269E-010
      242001   1.2925231076288639        1.2602221486771437        2.1270632691562660E-009   6.2271848620475782E-009
      243001  -1.3381844803606089       0.20335351129415533        1.3082378981847020E-008  -1.3053301058236871E-008
      244001 -0.95289735704596112        2.2124994704843168E-002   4.3257138446092986E-009  -1.0823578560297140E-008
      245001  0.36324553279766364       0.32128134190444629       -4.0174822018891295E-009   5.7463029318719444E-009
      246001  0.99796014848167092        1.5243888875983882       -5.6858885582595015E-009  -1.0303494898212718E-008
      247001  -1.0699037839804965E-002 -0.54951807233258732        1.6812551622817353E-008   1.3606945223514989E-008
      248001  0.87960409775504556       -1.0223408459926604       -1.0777521387080863E-008   5.5041500981852086E-009
      249001 -0.22555441372510462      -0.60456641254046628       -2.3826819764865918E-008   1.5522829743226080E-008
      250001   7.6229322864344584E-002  0.68351428465480113        8.0707840914125595E-010   6.4578951062880561E-009
      251001  0.26157172037158144       0.17930417580113098        1.3470093927148305E-008  -1.0138909415960369E-009
      252001  -1.2629829938796229        1.5067633786001513        2.9214457720258803E-008  -3.1435802911629811E-008
      253001   1.4608758961078661       0.34309559631493280       -3.6812954490965845E-008   2.0009972662758266E-008
      254001 -0.42104759688276078       0.55017118836960688       -3.8680402696861945E-009  -1.1938239138486821E-008
      255001 -0.77496432670216797       0.13567547045706035       -1.7092198012918449E-009   3.3166189979234817E-008
      256001  -1.2722450512734218      -0.72271944195291604        2.2635619069446408E-008   2.1893440879513174E-008
      257001 -0.73473662211162827      -0.10293296985456282       -2.1149427145999681E-008  -9.8406591200500709E-010
      258001 -0.93060886659062803       -1.0257174144910230       -2.0210387886377669E-008  -5.7711679064451363E-009
      259001  -1.0411457018027006       0.75715609327508082       -1.9625035461049850E-008  -3.4034584336652220E-009
      260001 -0.58496339196243563      -0.84331708661775551       -1.0655554470426582E-008  -1.2465756285534870E-008
      261001  -1.1866278785099005       0.15546321301389546       -1.2374850506411504E-008  -1.5621015208058003E-008
      262001 -0.78868347039611320      -0.67866238194471717       -1.1898646125191227E-008   1.5301502104005455E-008
      263001 -0.85511695170520852      -0.31889135837576432       -1.7525819778710859E-008   5.8364623393900184E-009
      264001   1.1767450868168297        1.5288569649709733       -3.2382065757414733E-008  -4.3501899837114392E-009
      265001  0.85513136401335732       0.77119430832235780       -3.9214073230350519E-009   1.4209692922310834E-008
      266001  0.81000513071282720       -1.6374320554571820        6.8225085929861005E-009   7.5064734846395818E-009
      267001  0.49512553317155100      -0.69491735261926979        3.4892231668871367E-010  -1.2458993699140777E-008
      268001 -0.84990059580091959       -1.3781333618783735       -7.7115233795198419E-009  -5.0682513291305708E-009
      269001  -1.1963787064558653       0.46278550070412461        9.4560958682239076E-009  -1.1597259170896422E-008
      270001   1.0780893750710108      -0.79775909536959522       -2.5579595500510465E-009   5.4182043821608839E-009
      271001 -0.45708947837373259       0.73294381955621213       -1.7753300614407164E-008  -9.8428619568402020E-009
      272001  -1.0349261469224902      -0.68136637615964790        1.7641872790568320E-008  -3.3587780910159112E-009
      273001   1.2651226580856152      -0.75336311192831795        1.5942969149683976E-008   1.9324825404854419E-008
      274001   1.1195002250880759       0.67475544898027773        1.5045802116554133E-008  -1.7687698860563685E-008
      275001   3.5247912530664725E-003 -0.62965049211583779        4.6571680800964088E-009   1.4079074272047225E-008
      276001 -0.20874866947214873        1.0264405026466912       -2.3511913776149992E-009  -1.8772287696091934E-008
      277001  -1.0147543909139920       0.11518643977111373        1.2903293622273007E-009  -1.3873929600988659E-009
      278001 -0.90193759804068552        1.3253960283570434       -1.0562506748012291E-008  -3.8250927149806237E-008
      279001  -1.2442538684650426       0.77644942652356830        2.0285929763470230E-008  -2.1430825293280859E-008
      280001   1.0226009538876770        1.3983195499159492E-002  -6.8522579503127382E-009   9.9394556535914042E-009
      281001 -0.72671539963442522       0.64414267581431839       -2.1438904192262867E-008   1.4177298089075012E-009
      282001   1.2127536820915381        3.8825651665668854E-003  -1.6942942017470507E-008  -1.6109007906107077E-008
      283001  0.54093001460967993       0.23091404330779394        2.1240448827060543E-008   8.0549811726518263E-009
      284001  0.98424776130946412        1.1982915490120025       -1.9319212044893868E-008   4.4394820531796482E-009
      285001   1.1959391185620964       0.92010535831135232       -1.8638126860498642E-008   1.6520238925073419E-008
      286001   1.3359440637745672        1.4820605578773083       -3.3286352781990310E-008  -2.2955013243025331E-010
      287001  -1.0296818395437470        1.2982995364522352        2.0079361463250131E-008  -9.7067676929425472E-009
      288001  0.78205170039601057       0.23316923031631964        4.3357536784380798E-009   1.7678497884475024E-008
      289001  0.97227103275304350       -6.0513773128810594E-002  -3.2401531035571678E-009   1.3580344072521383E-008
      290001   1.1999648698287255       0.13387354620484979       -1.1891878572640634E-009   2.3286389949420698E-008
      291001   1.1746743776121604      -0.75692592727775043        6.3809352472968890E-009  -6.8122557103247366E-009
      292001 -0.93038900838290628       -1.5343853243288663        1.4647161089903262E-008  -1.2826014558268368E-009
      293001  0.97291966140724384        1.5403693231416753        1.1594305495629480E-008   9.8741026397836578E-009
      294001  -5.4298638003495166E-002  -4.0764404933218881E-002   2.7529246061266443E-008  -1.2817807274080668E-009
      295001 -0.81971272654117644      -0.25755526650070870       -9.8659076624119443E-009  -4.4505627382105557E-010
      296001  0.89224052164994572       -2.4510518987327715E-002  -5.5706866942511387E-009   4.6099198107293395E-009
      297001  0.17850512928543996      -0.23491269123603492        7.3885089446657652E-009   1.7284920431315415E-009
      298001 -0.77316559543167429      -0.69001829302623463       -2.2975936562005017E-008  -6.4434700968817718E-009
      299001 -0.96568806513701033      -0.88095267936679289       -2.0886880739942289E-008   6.5212828945405866E-009
      300001 -0.90063033191290010        1.1684871356538917        8.6775031329551424E-009   1.9498499746203403E-008
      301001 -0.82529458413810319      -0.39732693033985378       -2.4662287300186480E-008   1.9463735069731636E-008
      302001   1.3235543848802787      -0.89667381605029961        3.0676454563818891E-009   8.4439123350565310E-009
      303001  0.34695813621001836       -1.1150283243301307       -3.1459063147281746E-009  -4.8019077566968205E-009
      304001  0.59980330575206364       0.78306787948313250        5.1027184480690336E-009   8.1802637017067987E-009
      305001   1.3425423836540675        1.2079291050905940        9.6640725378683215E-010  -7.4204251980745124E-009
      306001  -1.0517132494477055       0.42682934642058667        1.5456614094434122E-008  -7.3396864700489167E-009
      307001 -0.91949508394458213       -1.1727524322578695       -3.1660800256194759E-009   6.2554103960476274E-009
      308001  -1.0702670149110183       0.44699031643551984        2.2120923889597948E-009  -3.0859672557218993E-009
      309001  -1.0931747473887343       -6.8114906479698215E-002  -4.9843938783512974E-010   2.7271247515599410E-008
      310001 -0.96396742038468108       -4.0018189486745091E-002  -1.8658739106211425E-008  -5.4228856224158687E-010
      311001  -1.0957904369802425        1.4990496767008483        1.8734431355822124E-009   6.7982440252688398E-009
      312001 -0.58200676912388383       -1.0598819956398173       -2.0733598759019726E-008   1.8570593945151603E-008
      313001  0.38772970792977013      -0.46485121925355394        1.0569236168916304E-008  -2.6916639163871657E-009
      314001 -0.81921770454083720       0.33205254747289803        1.8519277607904755E-011  -9.5508761543535372E-010
      315001 -0.35462359849688307       0.31139116080998996        9.0724705925150953E-009  -1.5221281499645682E-008
      316001  -1.2401346900040220       -1.2216904464386360       -2.2143299679574485E-009   1.8917996994208227E-008
      317001  -1.0367950067531468       -1.7814553886948847       -1.5379154588872546E-008   1.1468401724188271E-008
      318001   1.2668173040345809      -0.26018971638753008       -1.1890457658479727E-008  -1.1206925952944191E-009
      319001  0.85969920385972032       -2.2968881645645283        1.8608780513542915E-008   1.7827221171488973E-008
      320001  0.93643572266359265        2.2324821156155563       -5.4256548397867332E-009   3.8627707555537462E-009
      321001   7.6741560833096564E-002  -1.3185971535313790        2.5219911605771335E-009   1.1867718191030007E-008
      322001   1.0496376524927804      -0.87765183949272785        3.8792232744822937E-010   1.7898753413737294E-008
      323001  0.99977187047749305      -0.33139786656227571       -1.0997738637856231E-008   1.4634304215866442E-008
      324001   1.3700047895593206      -0.53614161021896645       -5.8311642507695051E-009  -5.6146521976811515E-009
      325001  0.75083658842371603       -9.6406412832298519E-002  -1.6408258013510880E-008   3.2130873942794531E-009
      326001  0.27907957105869030       0.56893078450641132       -1.5153478511732312E-008   1.4440829593987638E-008
      327001  0.72537238286225048       0.86763612873092721        1.3994454323253821E-008  -1.7217009689299022E-008
      328001   1.1938873207235781       0.82760645720671455       -2.1749427536283812E-008   1.2806967833901076E-008
      329001 -0.23571010451854260      -0.82676413851080088        1.0082619453126973E-008   6.9433657127019428E-009
      330001  -6.5089933351399967E-002  0.81037298534455549       -6.6158402562286831E-009  -1.1277643411913463E-008
      331001 -0.19677176468957486      -0.49798251834586243        4.8059532806712286E-009   9.4282702631373514E-009
      332001 -0.99647293367879963      -0.58694152090855678       -5.6288404628735350E-009  -6.1252621713329577E-009
      333001 -0.20623044035190316       0.63865060936073448       -4.3762590153357603E-009  -7.9557188815765751E-009
      334001 -0.68773583184178977        1.5549077372165401       -1.6098518425611123E-008   2.2014259473800274E-008
      335001 -0.18459255267847138        1.1314221070655921        1.1783842516013308E-008  -1.0734540724620884E-008
      336001  0.75955345245296713      -0.97796240119449529       -6.8156420511026314E-009   1.8925267409245102E-008
      337001 -0.71587387215886922       -1.3025535478308794        1.1949950241191998E-008  -1.1595042067224829E-009
      338001 -0.49814905638771961      -0.25426447290408133        6.8592146981310154E-009  -2.9044855289798525E-009
      339001  0.83613971733178405       0.12974240711456619        3.0572940602267440E-009   1.8334441764059104E-008
      340001 -0.70489744978097757       0.40029651222139018       -8.4143435586348206E-009   5.0315287153129266E-009
      341001   1.1122219471137123      -0.35995018567968101        7.0780647595635129E-009  -7.5833272040716701E-009
      342001  0.98532654087628946       -9.4278389110247537E-002  -2.4418930503371070E-009  -2.3561900985532040E-008
      343001  -1.2109595138654978        1.3319509971260202       -2.3590554578970955E-009  -1.3836554836973324E-008
      344001 -0.83170173216826004       0.70704304150879893        1.5898034012076458E-008  -2.0129112710779129E-008
      345001  0.16839554561730169       0.48682921709593718        5.6555935585242457E-009   4.9182038607734247E-009
      346001   1.2312548160748920      -0.81999238395420582        4.9796794001955613E-009  -6.2010810443788699E-009
      347001  -3.5842902087515553E-002  0.58360601261877287        1.0202327372046255E-009  -2.2606599311761411E-008
      348001  -1.3955229373979416       -1.4398313147223665        3.6396845415904505E-008   9.6943343767648590E-010
      349001   1.2934620853675203      -0.71428049367629909        8.0664299212313248E-009   9.6062937714927036E-009
      350001   1.2251299059885863       0.11596817910602442       -1.6757541586395168E-008  -2.5928161003672506E-009
      351001   1.2954940853996881        1.1662724351995284        5.5839643923955996E-009   1.5999059163375604E-008
      352001  0.94524677841018567       0.14690181036759523        2.2059804895243029E-008   1.1509613139670000E-009
      353001 -0.20292377952551327        2.5013366729400292E-002  -8.4878124965135109E-009  -3.7220526643918016E-009
      354001 -0.60719923523454844       0.97165513679953697       -2.1913629542544959E-008  -2.7279103111391780E-008
      355001 -0.62970396846442933      -0.87191916012797521        9.4744295087160954E-009  -4.2228144513001952E-009
      356001  0.18133722845237688      -0.43723424568506319       -8.6571752260928357E-009   9.7142000856059914E-009
      357001  0.52410437196836279       -1.5366606456908203        1.7842589788269869E-008   2.1009858171889933E-008
      358001  -5.6777713285298417E-002 -0.20031347460629959        1.5242500822207404E-009   1.6857950089100486E-008
      359001  0.19476601387824191       -3.7503206146351470E-002   1.4264041060168725E-008   1.3559399934463917E-008
      360001  0.86336496136713881      -0.28350379580333784        5.4127686156978003E-009   1.6529182985513193E-008
      361001  0.77777567740309017      -0.47368671592765221       -8.1736330752122605E-009   1.2630800440267582E-008
      362001   1.3499822554240835      -0.22516434690911846       -9.6186654564807021E-009  -3.8040997586332816E-009
      363001 -0.23552842343414207      -0.91058319758774331        1.4681695706808171E-008  -2.3001753187602522E-008
      364001 -0.70543703309439332        1.7744219501059530        1.4174998744492883E-008  -9.6427950150939897E-009
      365001 -0.56420139029738825      -0.49707024503712216        1.4225155838001971E-008   4.6390470127204475E-009
      366001  0.88570761671187281       0.10944675255054888        2.3112273521346138E-008  -1.1403661955850018E-008
      367001  0.80334916118813038       -2.1214823359902075       -6.8426797713553675E-009   3.3171213977029851E-008
      368001  0.60023125360767748      -0.17468526365426160        1.0018246042759201E-008   1.9368155102092621E-008
      369001  0.67065659459192051        1.7339525640357423        1.9390561648882596E-008   6.6838660586221531E-010
      370001  0.68997572843695332      -0.76391519073395830       -1.2730242744608289E-008  -1.3327712624870290E-008
      371001 -0.89690682463671834        9.7806517918743494E-002   9.3077084376509282E-009   3.2731993759884705E-009
      372001  0.79418334926780587       0.42062501228199722        9.1229681080256866E-009  -9.5191312193582692E-009
      373001  -1.1092111465762255       0.67444672922918603        3.8699099011270165E-009   2.3741481420982628E-009
      374001 -0.55771593834774658      -0.26981954351535653        8.9463972572766710E-009   8.1114095798964428E-009
      375001 -0.70851806440073239       -1.3399622531713125       -7.6836332985805747E-009   4.2228669326273466E-009
      376001 -0.97600773548781317      -0.97423298460391450        1.4594921868944901E-008  -1.0033164819644280E-008
      377001  0.92242666804388607        1.0824179672456742        1.4028147724757784E-008   5.6718699560792524E-009
      378001 -0.76576501385605278       -2.0703007599644541        1.2322505584557016E-008  -3.8943544636101441E-009
      379001 -0.94954302077496533       0.42953773211208507        6.0146303859253700E-010   1.2411445201832598E-008
      380001  0.47882332535322958       -1.1058957635491884        4.0861770165222086E-008  -1.4110170482628825E-009
      381001  0.15617763747073019        1.4973445183398353       -4.4004140601774923E-009   1.4974378686505589E-008
      382001 -0.73420124526823360        1.7017600580270951       -1.3929261002760079E-008  -1.6099340444487917E-008
      383001   1.2809100153046991      -0.53283179050845053        1.9114093956373120E-008  -1.7849216283513355E-008
      384001  0.74603011776269557      -0.50602258079789841       -3.6927304214627355E-010  -1.2770514380625026E-008
      385001  0.50911083562696813       -1.4212348945963080       -7.4486816133623067E-009   2.3737944986130709E-009
      386001  0.86322942232822786       -8.4017386836543778E-002  -1.6282622629169846E-008  -7.7784647702205644E-009
      387001   2.5781064579336536E-002   1.1458949184411282       -8.2762044105161769E-009  -6.4829587003546191E-009
      388001 -0.59468622694398399       0.87213148791965500       -5.7013762049761763E-009  -2.6541858790810727E-008
      389001 -0.13482082199130702      -0.60629452366618153        6.8518157829913550E-009   3.3573324607875072E-009
      390001   9.7562704750961918E-002  0.78464837987915326        8.0103697983243259E-010  -4.7401119546261737E-009
      391001  -6.5686240583763905E-002  0.51173861850004154        9.2312792330714698E-009  -1.0216727739116960E-008
      392001   1.4625707980380214      -0.21828967391296361       -1.2387445227932562E-008   1.2745343557603263E-008
      393001  -1.1267541409553468       0.91361336788747682        1.9611296208162626E-008  -8.2316766630251871E-009
      394001 -0.11432515881754336        1.0223747930002578       -1.6083111050839223E-008  -2.1248314667275215E-008
      395001 -0.42137090880478900       0.38578276298572667       -6.6286321387096352E-009   1.5046633755869462E-008
      396001   1.2497191243708414       0.19488053602811600        7.5091476641031560E-009   1.4879738795805932E-008
      397001   1.0448395654381974E-003 -0.43683703470341945        1.2731450502112248E-008   1.0458611883116957E-008
      398001  0.52655421869809838      -0.16824061972067850        7.6341543674167217E-010   3.1086421887756835E-009
      399001  0.99362308827324675       0.35565509798458989        3.2385715470470574E-009  -1.4345996367106086E-008
      400001  0.46273690245752030        1.0060299892637071E-003   2.7989222029921232E-008   1.2435780045455377E-009
      401001   1.0602065648933221       0.23038282424977891       -1.8305423336482578E-008   1.1421760269962545E-008
      402001  0.68014599590393987      -0.82627481498264765        1.0896275389822531E-008   7.5347189815434738E-009
      403001   1.0327027259070496       0.22613325878102708       -4.7130576680698837E-009   1.5979359542009367E-009
      404001  0.50051140315475762       0.60653395163912893        2.1017058583294901E-009  -1.1235550048689779E-008
      405001  0.58902402367211559        6.5420027767832442E-002   2.7045210204129142E-008  -5.2932617510962820E-009
      406001 -0.43658870614675560      -0.12737193233569599        1.1935478248973797E-008  -2.7296071017870984E-008
      407001  0.97280434018026685        1.1886381485640138        1.2370142878858154E-009   1.9750641872806998E-009
      408001   1.1780704810647840       0.70196975342092449       -1.7378891127098450E-009   6.8210799903734550E-009
      409001   1.2017883354487613       -7.8502733369754510E-002  -7.0227450905266934E-009  -1.2164196271964735E-008
      410001  0.94805904428979093      -0.78806430974925568        2.0555913822410915E-009   9.1326886933963192E-009
      411001  0.49316158886115924       0.58279111347614521       -5.6278073665349548E-009   9.6462912827356647E-009
      412001  0.97983459853241617      -0.79174683489234388       -6.9384342999934894E-009  -1.6168054126600046E-008
      413001  0.97335800691811247        1.8200547470712714       -2.7112602534228982E-010  -1.0406657130198614E-008
      414001   7.3785015907539483E-002  0.27013743516655797        1.8133750179147427E-008   6.8334601803482468E-009
      415001  -3.8027627835294196E-002   1.9991287101649757       -1.3495471427096451E-008  -2.1769609583867987E-008
      416001  -1.4502379794310185       -1.4786105041935349        5.8932461919067924E-008  -8.8295541856818449E-009
      417001  0.85355538355403748       0.38027711539289433       -7.4516147090502467E-009  -8.0408209427093631E-009
      418001  0.43002161798584759      -0.17062012056508330        1.5025436727902283E-008  -1.8947999407497822E-008
      419001  0.73272410116073972        1.0769137276068950       -6.5115550711656358E-010   5.8732487820246463E-009
      420001   1.5339742225673048      -0.42074601052510435       -2.4921240213334346E-008   6.9773549233959301E-009
      421001 -0.96717539930543261        1.0290128919641333       -8.5872496533566705E-011   2.9853127363985099E-009
      422001  -1.3822800899775243      -0.21022263257001680        5.4277435863788268E-009   1.1550270508108757E-008
      423001  -2.2311914258465914E-002  -8.6253459930059354E-002  -5.7461657515280455E-009  -1.4063826288808614E-008
      424001   1.3279634489100880      -0.62651956829258937        1.4201239510342735E-008  -1.8986639475948912E-008
      425001  0.57122260470574315       0.55814475092550997        1.8958718118378503E-008  -8.8373711820586833E-009
      426001 -0.63335610332906689      -0.46955094460715474       -3.0454955069380490E-009   1.8323992871802560E-009
      427001 -0.75791067156595415       0.66896270886795151        6.4134359406696303E-009  -9.7021354757190180E-009
      428001  0.92756648551991427        1.9096699856746800E-002   5.1867048847062748E-009   1.2266080505698410E-008
      429001 -0.87570507344692650      -0.37262185212956350       -1.5789347593779153E-008  -9.8161343618050525E-009
      430001  -1.1388173092198339       0.43461082075726093        4.2884238125060133E-009  -4.7604327191066329E-009
      431001 -0.26616041706601218      -0.96293393891180723       -4.4329399050916728E-009   1.5520751687880854E-008
      432001 -0.62993679740708730      -0.54887944553866930       -1.1856114216308331E-008  -2.8260862393853460E-009
      433001   1.2167237624219935      -0.96076284312106019        2.2557419560903606E-009  -1.8404371317995690E-008
      434001 -0.25064555130051497        5.4414013083348436E-002  -2.3281038745585843E-008   2.0007685529025798E-008
      435001 -0.47285041957353796      -0.41789486147566629       -2.0463140047564632E-009   4.8061116754580535E-009
      436001  0.30525592592469813       0.55155786225065140        1.6830976485885365E-008  -5.6887263466026321E-009
      437001   1.3036257809405492       0.58434211728585916       -2.9461621288258170E-009  -2.2501489454638571E-009
      438001 -0.60855509767261506      -0.47206299018541303       -1.8726941179352431E-008   9.6717247785806862E-009
      439001 -0.78915810745421500      -0.62901517721921441       -2.3151277889329417E-008   1.7402677619464387E-008
      440001  0.89204261149620334       0.20959548895220012        5.8161998507010395E-009  -2.0358645659585013E-009
      441001 -0.56426564631249820      -0.70667743439713371       -1.2873719503117912E-008  -1.8288632201915814E-008
      442001  -1.3091095836526416       0.41372538373971895        1.4938904139815313E-008   9.7408355747381587E-009
      443001  0.58047984863931412        1.3426339163153640        5.5799621199231195E-009  -5.5112285132694384E-009
      444001   1.2393924437179356      -0.41255448793499955       -1.2197676363714578E-008   1.0591781251735675E-008
      445001 -0.28652507039872227      -0.40428641626978445       -1.8396216104599805E-008  -2.1634941975501828E-008
      446001 -0.49070038869597227       -1.0153845242438500       -1.0288304979296705E-008   2.2626403458685946E-008
      447001  0.76818430358269374       0.37163909949867768        9.9974860396690417E-011  -1.6693528712052793E-008
      448001   1.4797634862758164      -0.52160840969752575       -3.9751284182270804E-008  -7.7226338164048062E-009
      449001   5.0094815507187085E-002   1.5678980126750524       -2.5668226700662902E-008   4.9560922013724187E-009
      450001  0.98653018643604662      -0.69697352219772568        7.8315158380937647E-009   3.9372313441144024E-009
      451001  0.97092280543034037       -1.9607749510172900        3.2321245068235605E-009   1.7007434894558206E-008
      452001  0.44104449202303170       -4.4443511649741654E-002   2.4085318013075610E-008  -6.3371540446784239E-009
      453001   1.0852369835380391        1.2199446466456594        2.5175503257785415E-009  -1.0905051021740201E-008
      454001  0.54832552138412638       0.61749558021639916        5.9480333109824898E-009  -1.9948589995654553E-008
      455001  0.51805549418329555       0.23886843245509473        3.6027711271960217E-009   8.3108589657378288E-009
      456001 -0.50089443003043499       -1.2933371397139704       -2.0089488311158617E-008  -3.6256769690852977E-009
      457001  -1.2890385483481672      -0.28827146531303605        1.0340406634252089E-008  -1.4033891920277370E-008
      458001   1.0101142308494246       0.84948057870021232        1.4196346212655559E-008   8.0854973729749281E-009
      459001  0.37579239111199791       -2.0505641031042732        5.5747996283601306E-009  -3.2852795006888503E-009
      460001 -0.77124405943649399       -1.4207405002153752        2.5491536780702914E-008   1.5888329526155667E-008
      461001  0.63847242439981178       -1.7027427974260911       -1.5939561309494958E-008  -1.2137281857828159E-008
      462001  0.59193921910568970      -0.40975210620036984       -1.2147713049699407E-008   7.6927215486502724E-009
      463001  0.75357396254962261        8.8981570281589595E-002  -1.9041525560273067E-008   1.4187141702060861E-008
      464001  0.57129108796394834      -0.42719518284177677       -6.2595077259661032E-009   2.4308007924771391E-009
      465001 -0.68633786777476147       0.78827736921034763        5.0837778858954263E-009   7.9871072006936754E-009
      466001  0.32339789714072009       -1.1015120493460127        9.6502575674315648E-009  -3.6858756433526318E-009
      467001  0.93675413036652944       0.42058381966873226       -8.0757360099905361E-009   1.0118781648405426E-008
      468001  0.18235827804865470       -1.8821200649519882        7.9727779353911657E-009   8.4341198755232292E-009
      469001   1.0935909989311043      -0.87337313263449912       -3.8799839609317870E-009  -8.9756933551138021E-009
      470001 -0.58143263352696284       0.84531269029676515       -1.6101124362932442E-008  -6.6009358746244795E-009
      471001 -0.26813009994977566       0.61714033107394251       -1.1541592708216032E-008  -7.3269841734188140E-009
      472001  -1.0730406485180797        1.1637606838282888        6.1386073308391272E-009  -1.5929850525106071E-008
      473001 -0.96734595655419120        1.4364818587180483       -6.0999137302456703E-009  -1.7059894710564625E-008
      474001  -1.1880526751596392        1.0071530527386552        6.9092286222255731E-009   1.7964461194595800E-008
      475001  -1.1716254700507711        1.8581779093205109        1.8050574803904621E-008  -4.2645168575219702E-010
      476001  0.84026917645780697       -1.0124874784219111       -1.0437987650042463E-008   1.1247907669339242E-008
      477001 -0.20888137496116571       -2.1746195272594968       -1.4877109865958954E-008  -1.0018515170288042E-009
      478001 -0.15584120649405844       0.42266582408751879        8.5136597625286042E-009  -7.0760764243090518E-009
      479001  0.95943024754352224        1.8239993250657260        1.0624623517390622E-008   6.7491585930321174E-010
      480001  -1.1895385861486103        1.9970817975323198        2.9014083384506008E-008  -2.2520004229848558E-008
      481001  0.89161958270605146       0.32541667835729055        1.6404486292839273E-008   3.2807840916193816E-009
      482001  -1.3267675251180080       -1.9245719750855934        3.2513125368684932E-008   1.8416220419425253E-008
      483001 -0.98751948021489677        7.5455209546671759E-002   9.6676809468955541E-009  -2.5661960922149488E-009
      484001 -0.47257071312975751      -0.79864517436410221       -7.3903803220593226E-010  -1.3460802444279458E-008
      485001   1.3487004084447745        1.2913149457262050        1.2880382964659868E-008   5.8824791665309265E-009
      486001  -1.3300887306232705       -1.1868593337286044       -2.7793053317802818E-009  -1.0608272153741331E-008
      487001  0.84133712121226034      -0.26775436244715473       -1.1840239788452583E-008  -1.2183349025221365E-008
      488001 -0.19862965779486511       -1.1201902635936729        1.0508484793954163E-008   1.0191298490896723E-008
      489001 -0.97560793336863116      -0.35721840122104814       -6.4901020124516672E-009  -4.6145609927453987E-009
      490001   1.3263105743595891      -0.70086194550786707        8.7887732125758723E-009  -1.2685920115916713E-008
      491001  0.70113420952740535      -0.33117722762603202       -5.6990316183073123E-009   1.4187711806064247E-008
      492001  0.77927996938071542       0.80824867991089355       -1.3497409045076866E-008   2.0369648687102244E-008
      493001  0.44246949607021391      -0.52307539766799627       -5.5737647499808626E-009  -8.8165291604162488E-009
      494001  0.78298312185383678       -1.1622160452479164       -1.7362753374423320E-008   1.3311883398475099E-008
      495001  0.96704612844220994       0.38988041851828542        1.3073455442616461E-008  -9.1671191476217857E-009
      496001  0.70854594211297661       -1.0219095532822416E-002   4.0785855462368452E-010   8.6316868709172034E-009
      497001  0.26752982569035821      -0.56423037257540209       -1.5541000842210691E-009   6.3032766730972591E-009
      498001  0.74776335338882738      -0.94023372300366159       -1.9607322678848449E-008   5.5611389670723971E-009
      499001  0.38780435382999939        4.6502626564357545E-002   2.1764559999176870E-009  -5.0829300488101122E-009
